[0;31mNo query interval '-s' specified.
Sample CPU resource usage every 1 second by default[0m
2022-06-09 11:23: CPU: 6.7 0.0 50.0 6.2 6.2 0.0 93.3 28.6 0.0 6.7 6.7 0.0 62.5 13.3 0.0 43.8 0.0 6.7 0.0 0.0 0.0 0.0 0.0 19.0 6.2 0.0 6.2 0.0 0.0 0.0 11.8 6.7 6.2 6.2 6.7 0.0 81.2 6.2 12.5 6.2 0.0 0.0 0.0 0.0 0.0 0.0 0.0 0.0 0.0 0.0 0.0 0.0 0.0 0.0 0.0 0.0 :100.0 12.5 0.0 93.8 0.0 0.0 0.0 19.0 0.0 0.0 0.0 26.7 0.0 0.0 0.0 0.0 0.0 33.3 0.0 6.2 35.7 0.0 0.0 56.2  Mem(used): 19722.8 MB out of 193068.3 MB
2022-06-09 11:23: CPU: 28.6 0.0 46.7 6.2 6.7 6.7 0.0 0.0 0.0 0.0 0.0 0.0 0.0 18.8 0.0 0.0 0.0 6.7 26.7 0.0 6.2 6.7 6.2 6.7 0.0 0.0 0.0 33.3 0.0 0.0 6.2 0.0 0.0 26.7 6.2 6.7 :100.0 6.2 7.1 0.0 6.2 0.0 0.0 0.0 0.0 0.0 73.3 43.8 0.0 0.0 6.7 0.0 0.0 0.0 6.2 0.0 :100.0 11.8 0.0 86.7 18.8 0.0 0.0 0.0 0.0 0.0 0.0 0.0 0.0 0.0 0.0 0.0 0.0 0.0 0.0 0.0 46.7 0.0 0.0 31.2  Mem(used): 19728.0 MB out of 193068.3 MB
2022-06-09 11:23: CPU: 0.0 0.0 33.3 20.0 0.0 6.2 :100.0 0.0 0.0 40.0 0.0 0.0 0.0 6.2 6.7 6.7 0.0 13.3 6.7 0.0 0.0 0.0 7.1 0.0 0.0 0.0 6.2 6.7 6.2 42.9 12.5 0.0 0.0 31.2 0.0 0.0 93.3 12.5 0.0 6.2 20.0 0.0 0.0 0.0 0.0 0.0 0.0 0.0 0.0 0.0 0.0 9.1 0.0 13.3 0.0 0.0 40.0 6.7 0.0 87.5 56.2 0.0 0.0 0.0 6.7 0.0 0.0 0.0 0.0 0.0 0.0 0.0 0.0 0.0 0.0 0.0 0.0 0.0 0.0 42.9  Mem(used): 19729.3 MB out of 193068.3 MB
2022-06-09 11:23: CPU: 0.0 13.3 0.0 6.7 0.0 6.2 26.7 26.7 6.7 :100.0 0.0 0.0 81.2 12.5 6.7 0.0 0.0 0.0 6.2 6.2 0.0 6.7 12.5 6.2 6.7 11.8 0.0 0.0 0.0 40.0 6.7 6.7 0.0 0.0 31.2 0.0 86.7 0.0 6.2 40.0 0.0 0.0 0.0 0.0 0.0 0.0 0.0 0.0 0.0 46.7 13.3 37.5 7.1 6.7 6.2 0.0 37.5 0.0 0.0 0.0 0.0 0.0 0.0 12.5 6.7 0.0 56.2 0.0 6.2 0.0 0.0 0.0 0.0 0.0 0.0 0.0 0.0 0.0 0.0 0.0  Mem(used): 19731.9 MB out of 193068.3 MB
2022-06-09 11:23: CPU: 46.7 0.0 5.9 6.7 80.0 6.2 6.7 14.3 0.0 :100.0 12.5 7.7 0.0 13.3 0.0 11.8 0.0 0.0 0.0 0.0 0.0 0.0 6.2 6.2 6.2 0.0 6.7 0.0 12.5 0.0 0.0 28.6 33.3 7.1 40.0 6.7 6.7 80.0 0.0 25.0 6.2 0.0 0.0 0.0 0.0 0.0 0.0 0.0 0.0 40.0 0.0 40.0 16.7 11.8 6.7 0.0 :100.0 11.8 0.0 6.7 0.0 0.0 0.0 0.0 6.7 0.0 0.0 0.0 0.0 0.0 0.0 0.0 12.5 0.0 0.0 0.0 0.0 0.0 0.0 0.0  Mem(used): 19738.9 MB out of 193068.3 MB
2022-06-09 11:23: CPU: 0.0 6.2 26.7 6.2 87.5 0.0 42.9 12.5 6.7 93.8 0.0 41.7 6.7 0.0 6.2 6.7 0.0 0.0 11.8 6.2 6.2 0.0 0.0 6.2 6.7 6.2 6.7 6.7 6.7 0.0 0.0 6.7 0.0 58.8 6.2 0.0 0.0 0.0 80.0 28.6 0.0 0.0 0.0 0.0 0.0 0.0 0.0 0.0 0.0 20.0 0.0 0.0 0.0 6.2 0.0 0.0 :100.0 0.0 0.0 0.0 0.0 0.0 0.0 0.0 6.2 0.0 0.0 0.0 11.8 0.0 0.0 0.0 0.0 0.0 28.6 46.7 5.9 0.0 0.0 0.0  Mem(used): 19738.6 MB out of 193068.3 MB
2022-06-09 11:23: CPU: 0.0 6.7 6.2 12.5 80.0 13.3 0.0 0.0 0.0 31.2 0.0 :100.0 6.2 46.2 20.0 6.2 35.7 6.7 6.7 0.0 0.0 40.0 0.0 5.9 0.0 0.0 0.0 0.0 7.1 6.7 6.2 6.2 0.0 12.5 56.2 0.0 33.3 18.8 80.0 6.2 6.2 0.0 0.0 0.0 0.0 6.7 0.0 0.0 0.0 0.0 25.0 27.3 0.0 0.0 20.0 6.7 64.3 0.0 0.0 0.0 6.7 0.0 0.0 0.0 6.7 0.0 0.0 0.0 6.2 0.0 0.0 6.7 0.0 0.0 0.0 56.2 0.0 0.0 0.0 0.0  Mem(used): 19739.2 MB out of 193068.3 MB
2022-06-09 11:23: CPU: 0.0 6.7 0.0 6.2 12.5 0.0 80.0 5.9 0.0 25.0 14.3 0.0 0.0 :100.0 46.7 12.5 33.3 0.0 6.7 0.0 0.0 0.0 13.3 40.0 12.5 6.7 0.0 6.2 0.0 0.0 6.2 0.0 6.2 0.0 46.7 60.0 28.6 7.1 7.1 0.0 6.2 0.0 11.8 0.0 0.0 7.1 0.0 0.0 0.0 0.0 0.0 65.2 12.5 0.0 0.0 6.2 0.0 0.0 0.0 0.0 5.9 6.2 0.0 0.0 0.0 0.0 0.0 0.0 0.0 0.0 17.6 0.0 0.0 0.0 0.0 0.0 0.0 0.0 0.0 86.7  Mem(used): 19735.5 MB out of 193068.3 MB
2022-06-09 11:23: CPU: 6.2 20.0 6.2 53.3 0.0 0.0 :100.0 0.0 13.3 0.0 6.7 40.0 6.7 0.0 0.0 6.2 0.0 40.0 61.5 6.2 0.0 12.5 6.2 14.3 13.3 7.1 7.1 6.7 0.0 0.0 6.7 13.3 0.0 6.7 0.0 71.4 0.0 12.5 0.0 0.0 0.0 0.0 0.0 0.0 0.0 0.0 0.0 0.0 0.0 0.0 0.0 0.0 8.3 0.0 0.0 12.5 46.7 0.0 0.0 0.0 0.0 0.0 0.0 0.0 0.0 0.0 0.0 0.0 0.0 6.2 0.0 43.8 0.0 6.2 0.0 0.0 26.7 0.0 0.0 86.7  Mem(used): 19737.2 MB out of 193068.3 MB
2022-06-09 11:23: CPU: 0.0 80.0 10.0 57.1 26.7 6.7 12.5 0.0 6.7 0.0 6.7 40.0 6.7 7.7 6.2 0.0 0.0 0.0 0.0 6.2 0.0 6.7 6.7 0.0 6.2 0.0 12.5 12.5 13.3 53.3 6.2 6.2 6.7 0.0 0.0 0.0 12.5 0.0 6.7 75.0 0.0 0.0 0.0 0.0 0.0 28.6 0.0 0.0 0.0 0.0 0.0 6.7 0.0 0.0 6.2 0.0 53.3 0.0 81.2 6.2 0.0 0.0 0.0 37.5 0.0 0.0 0.0 0.0 0.0 0.0 0.0 43.8 0.0 6.7 0.0 0.0 14.3 7.1 0.0 0.0  Mem(used): 19743.4 MB out of 193068.3 MB
2022-06-09 11:23: CPU: 20.0 6.7 66.7 43.8 0.0 0.0 26.7 13.3 6.7 0.0 6.7 6.7 0.0 0.0 6.2 6.7 20.0 0.0 0.0 0.0 0.0 6.7 6.7 0.0 0.0 0.0 7.7 7.7 6.7 0.0 0.0 0.0 0.0 0.0 6.7 6.7 6.2 43.8 13.3 64.3 20.0 0.0 6.7 13.3 0.0 0.0 0.0 0.0 0.0 44.4 13.3 0.0 21.4 0.0 0.0 0.0 73.3 0.0 :100.0 0.0 0.0 0.0 0.0 0.0 0.0 6.7 0.0 0.0 13.3 0.0 0.0 28.6 62.5 0.0 43.8 0.0 0.0 0.0 0.0 0.0  Mem(used): 19741.2 MB out of 193068.3 MB
2022-06-09 11:23: CPU: 0.0 0.0 0.0 26.7 33.3 20.0 0.0 7.1 0.0 93.3 12.5 6.7 0.0 0.0 0.0 0.0 6.2 6.7 0.0 0.0 12.5 0.0 73.3 6.7 0.0 0.0 7.1 6.7 0.0 6.7 0.0 0.0 52.9 0.0 0.0 5.9 6.7 33.3 13.3 0.0 0.0 0.0 0.0 6.7 0.0 0.0 0.0 0.0 0.0 0.0 0.0 57.7 21.4 0.0 6.2 0.0 :100.0 0.0 :100.0 0.0 0.0 6.7 0.0 0.0 0.0 0.0 0.0 0.0 18.8 0.0 6.7 0.0 0.0 0.0 60.0 0.0 0.0 0.0 0.0 0.0  Mem(used): 19746.2 MB out of 193068.3 MB
2022-06-09 11:23: CPU: 5.9 11.8 6.2 22.2 6.2 25.0 33.3 13.3 0.0 31.2 6.7 0.0 6.7 0.0 6.7 6.7 0.0 13.3 0.0 0.0 0.0 0.0 73.3 0.0 6.7 0.0 0.0 6.7 6.7 6.7 0.0 0.0 6.7 68.8 0.0 6.7 0.0 33.3 0.0 6.2 0.0 0.0 0.0 20.0 0.0 13.3 0.0 0.0 0.0 60.0 12.5 0.0 37.5 0.0 6.7 0.0 :100.0 0.0 :100.0 6.2 0.0 0.0 0.0 0.0 0.0 0.0 0.0 0.0 6.7 0.0 0.0 0.0 6.2 0.0 0.0 56.2 0.0 0.0 13.3 0.0  Mem(used): 19740.8 MB out of 193068.3 MB
2022-06-09 11:23: CPU: 6.7 13.3 17.6 28.6 0.0 0.0 42.9 20.0 0.0 93.8 21.1 14.3 0.0 6.7 40.0 0.0 0.0 12.5 6.7 17.6 6.7 6.2 73.3 0.0 0.0 6.7 12.5 0.0 0.0 0.0 6.7 0.0 6.2 25.0 6.7 85.7 0.0 40.0 0.0 0.0 6.2 6.2 0.0 40.0 0.0 0.0 0.0 0.0 0.0 0.0 0.0 7.1 0.0 11.8 6.2 6.2 43.8 0.0 93.3 6.2 0.0 0.0 0.0 0.0 6.2 0.0 0.0 0.0 18.8 0.0 6.2 0.0 0.0 40.0 0.0 0.0 0.0 0.0 13.3 0.0  Mem(used): 19742.0 MB out of 193068.3 MB
2022-06-09 11:23: CPU: 0.0 0.0 11.8 0.0 26.7 0.0 0.0 0.0 0.0 86.7 13.3 0.0 6.7 6.7 6.2 0.0 33.3 6.2 0.0 0.0 6.7 6.7 66.7 0.0 6.7 0.0 7.1 6.2 6.2 6.7 0.0 6.7 0.0 12.5 11.8 68.8 0.0 0.0 6.7 6.7 0.0 0.0 0.0 33.3 0.0 0.0 0.0 0.0 0.0 0.0 18.8 17.6 0.0 53.3 21.4 0.0 0.0 13.3 86.7 6.2 0.0 0.0 0.0 0.0 0.0 0.0 0.0 6.2 0.0 0.0 0.0 0.0 6.2 53.3 0.0 6.2 0.0 40.0 0.0 6.2  Mem(used): 19744.6 MB out of 193068.3 MB
2022-06-09 11:23: CPU: 0.0 6.2 0.0 20.0 33.3 6.7 6.2 0.0 6.2 :100.0 33.3 0.0 0.0 6.7 6.7 0.0 53.3 50.0 0.0 6.2 0.0 6.2 57.1 0.0 20.0 0.0 0.0 0.0 0.0 0.0 0.0 7.1 0.0 6.7 0.0 0.0 6.2 35.3 0.0 6.7 0.0 0.0 0.0 0.0 6.7 0.0 0.0 0.0 5.9 0.0 7.7 23.1 6.7 0.0 0.0 0.0 6.7 0.0 93.3 6.2 0.0 6.7 0.0 12.5 6.2 0.0 0.0 0.0 0.0 0.0 0.0 12.5 0.0 6.2 60.0 0.0 53.3 0.0 6.7 13.3  Mem(used): 19743.8 MB out of 193068.3 MB
2022-06-09 11:23: CPU: 86.7 57.1 0.0 25.0 0.0 37.5 0.0 6.7 0.0 0.0 6.7 37.5 81.2 18.8 6.2 6.7 0.0 93.3 7.1 0.0 0.0 0.0 6.2 0.0 6.2 0.0 16.7 11.8 6.2 0.0 6.2 6.7 0.0 6.7 0.0 0.0 0.0 33.3 31.2 6.7 0.0 0.0 0.0 0.0 6.2 0.0 0.0 0.0 0.0 40.0 10.0 0.0 0.0 0.0 6.7 0.0 6.2 0.0 0.0 6.7 0.0 6.2 0.0 0.0 0.0 81.2 0.0 0.0 0.0 6.7 0.0 0.0 0.0 0.0 0.0 50.0 0.0 0.0 0.0 0.0  Mem(used): 19736.6 MB out of 193068.3 MB
2022-06-09 11:23: CPU: 80.0 12.5 0.0 0.0 53.3 33.3 0.0 0.0 0.0 0.0 7.1 6.2 0.0 28.6 0.0 6.7 70.6 :100.0 6.7 0.0 0.0 0.0 0.0 0.0 0.0 86.7 6.2 6.7 6.7 0.0 13.3 6.7 6.2 0.0 0.0 0.0 46.7 33.3 57.1 40.0 0.0 6.7 0.0 0.0 0.0 0.0 0.0 6.2 5.3 0.0 5.9 14.3 0.0 0.0 6.2 6.2 6.2 0.0 6.2 35.7 6.7 0.0 0.0 0.0 0.0 0.0 0.0 0.0 0.0 0.0 0.0 0.0 0.0 30.0 6.7 0.0 0.0 0.0 0.0 6.2  Mem(used): 19737.3 MB out of 193068.3 MB
2022-06-09 11:23: CPU: 6.2 11.8 93.3 5.9 6.2 64.3 0.0 13.3 26.7 0.0 6.2 0.0 6.2 14.3 0.0 6.2 :100.0 0.0 6.7 0.0 6.7 40.0 6.2 6.7 0.0 80.0 0.0 0.0 6.7 6.7 0.0 6.2 0.0 0.0 0.0 0.0 0.0 31.2 0.0 0.0 0.0 0.0 0.0 0.0 0.0 0.0 0.0 6.2 0.0 7.1 50.0 0.0 20.0 0.0 0.0 0.0 0.0 :100.0 0.0 6.2 0.0 12.5 0.0 0.0 6.2 0.0 0.0 6.2 0.0 0.0 0.0 0.0 0.0 0.0 0.0 0.0 0.0 0.0 53.3 33.3  Mem(used): 19743.8 MB out of 193068.3 MB
2022-06-09 11:23: CPU: 0.0 33.3 13.3 92.9 0.0 0.0 6.2 35.7 6.7 0.0 0.0 6.2 26.7 13.3 0.0 0.0 :100.0 0.0 6.7 6.7 12.5 0.0 0.0 0.0 6.7 :100.0 0.0 6.7 0.0 0.0 0.0 13.3 0.0 0.0 0.0 0.0 0.0 33.3 40.0 25.0 0.0 6.2 6.2 0.0 0.0 0.0 0.0 0.0 0.0 0.0 0.0 10.0 0.0 0.0 0.0 0.0 0.0 :100.0 0.0 0.0 0.0 47.1 0.0 0.0 0.0 6.2 0.0 0.0 0.0 6.7 0.0 0.0 0.0 0.0 0.0 0.0 0.0 6.2 0.0 0.0  Mem(used): 19736.1 MB out of 193068.3 MB
2022-06-09 11:23: CPU: 0.0 6.2 0.0 40.0 93.3 0.0 53.3 6.7 6.7 6.7 0.0 12.5 12.5 6.7 0.0 12.5 :100.0 46.7 0.0 6.2 0.0 6.7 6.7 46.7 6.2 86.7 6.7 11.8 6.7 6.2 0.0 13.3 0.0 0.0 0.0 6.7 0.0 6.2 20.0 28.6 0.0 11.8 6.2 0.0 0.0 0.0 0.0 6.2 0.0 0.0 0.0 6.2 11.8 0.0 0.0 33.3 0.0 25.0 6.2 0.0 13.3 0.0 0.0 0.0 0.0 0.0 0.0 0.0 0.0 6.2 0.0 0.0 0.0 0.0 0.0 0.0 6.2 33.3 33.3 0.0  Mem(used): 19743.9 MB out of 193068.3 MB
2022-06-09 11:23: CPU: 0.0 6.2 6.7 26.7 0.0 0.0 53.3 86.7 0.0 0.0 6.2 62.5 7.1 0.0 0.0 0.0 :100.0 0.0 6.7 0.0 0.0 13.3 6.7 0.0 20.0 0.0 12.5 12.5 0.0 0.0 0.0 6.7 13.3 6.2 6.7 6.7 0.0 0.0 6.7 46.7 0.0 6.2 0.0 0.0 0.0 0.0 0.0 6.2 0.0 0.0 11.8 0.0 0.0 6.2 6.2 25.0 0.0 73.3 0.0 6.2 46.7 0.0 6.2 0.0 0.0 87.5 0.0 0.0 0.0 0.0 13.3 0.0 0.0 0.0 26.7 0.0 0.0 40.0 0.0 0.0  Mem(used): 19746.2 MB out of 193068.3 MB
2022-06-09 11:23: CPU: 0.0 0.0 0.0 0.0 0.0 0.0 46.7 0.0 23.5 0.0 0.0 6.7 0.0 0.0 7.1 20.0 0.0 6.7 0.0 :100.0 0.0 6.7 0.0 0.0 0.0 0.0 11.8 0.0 6.2 6.2 0.0 0.0 12.5 0.0 0.0 0.0 0.0 0.0 43.8 7.1 0.0 0.0 0.0 0.0 0.0 0.0 0.0 0.0 4.3 0.0 13.3 78.6 20.0 0.0 6.2 0.0 0.0 :100.0 0.0 0.0 33.3 0.0 0.0 0.0 0.0 0.0 93.3 0.0 0.0 6.2 0.0 0.0 0.0 0.0 0.0 0.0 0.0 33.3 0.0 43.8  Mem(used): 19744.5 MB out of 193068.3 MB
2022-06-09 11:23: CPU: 0.0 :100.0 6.2 6.7 0.0 0.0 0.0 46.7 0.0 0.0 18.8 0.0 43.5 93.3 7.1 21.4 0.0 0.0 0.0 6.2 23.5 0.0 6.2 0.0 0.0 6.7 6.7 11.8 0.0 0.0 0.0 0.0 0.0 0.0 6.2 0.0 6.2 0.0 6.2 0.0 0.0 0.0 0.0 0.0 0.0 0.0 0.0 0.0 0.0 0.0 0.0 0.0 0.0 0.0 12.5 0.0 0.0 :100.0 0.0 0.0 0.0 0.0 40.0 0.0 0.0 0.0 :100.0 0.0 6.2 0.0 0.0 0.0 12.5 0.0 0.0 0.0 0.0 33.3 0.0 46.7  Mem(used): 19742.6 MB out of 193068.3 MB
2022-06-09 11:23: CPU: 0.0 50.0 21.4 0.0 12.5 6.2 0.0 0.0 6.7 53.3 20.0 9.1 0.0 0.0 86.7 21.4 0.0 0.0 6.2 13.3 33.3 0.0 0.0 6.2 0.0 0.0 :100.0 6.7 0.0 0.0 6.2 0.0 13.3 0.0 0.0 6.7 13.3 26.7 6.7 0.0 0.0 0.0 0.0 0.0 20.0 0.0 0.0 0.0 0.0 0.0 0.0 0.0 0.0 0.0 0.0 19.0 6.7 :100.0 0.0 5.9 0.0 0.0 46.7 0.0 0.0 0.0 0.0 0.0 6.2 0.0 6.2 0.0 0.0 0.0 0.0 6.7 0.0 0.0 0.0 21.4  Mem(used): 19740.4 MB out of 193068.3 MB
2022-06-09 11:23: CPU: 0.0 0.0 :100.0 0.0 0.0 0.0 0.0 0.0 6.7 0.0 0.0 18.8 0.0 0.0 75.0 25.0 13.3 31.2 6.7 6.7 37.5 0.0 0.0 6.7 0.0 0.0 86.7 6.7 0.0 0.0 11.8 0.0 0.0 0.0 6.2 0.0 0.0 33.3 6.7 0.0 0.0 0.0 0.0 0.0 0.0 0.0 0.0 0.0 0.0 0.0 0.0 0.0 50.0 62.5 0.0 0.0 0.0 0.0 0.0 0.0 0.0 46.7 0.0 0.0 0.0 0.0 0.0 6.2 0.0 0.0 0.0 0.0 13.3 0.0 0.0 12.5 0.0 0.0 0.0 14.3  Mem(used): 19742.0 MB out of 193068.3 MB
2022-06-09 11:23: CPU: 0.0 0.0 :100.0 11.8 5.9 0.0 6.2 0.0 0.0 0.0 0.0 6.7 0.0 0.0 0.0 0.0 13.3 31.2 0.0 6.2 0.0 6.2 0.0 0.0 7.1 0.0 93.3 5.9 0.0 6.7 6.7 6.2 33.3 6.2 6.2 17.6 0.0 37.5 0.0 40.0 0.0 0.0 0.0 13.3 0.0 0.0 0.0 0.0 0.0 0.0 18.2 87.5 33.3 0.0 12.5 6.2 5.9 0.0 6.7 6.7 31.2 0.0 0.0 0.0 0.0 0.0 0.0 6.2 6.2 0.0 6.7 0.0 0.0 12.5 0.0 0.0 0.0 0.0 0.0 0.0  Mem(used): 19744.9 MB out of 193068.3 MB
2022-06-09 11:23: CPU: 0.0 0.0 :100.0 0.0 11.8 0.0 0.0 0.0 0.0 0.0 0.0 0.0 0.0 0.0 0.0 13.3 40.0 :100.0 20.0 6.7 0.0 0.0 0.0 6.2 6.7 0.0 18.8 6.2 86.7 0.0 0.0 0.0 0.0 6.2 6.2 6.7 6.7 33.3 0.0 0.0 0.0 0.0 0.0 18.8 0.0 0.0 0.0 0.0 0.0 0.0 35.7 0.0 6.2 86.7 0.0 6.2 0.0 0.0 0.0 13.3 43.8 26.7 0.0 0.0 0.0 0.0 0.0 0.0 0.0 0.0 0.0 6.2 0.0 12.5 0.0 6.2 0.0 0.0 12.5 37.5  Mem(used): 19745.9 MB out of 193068.3 MB
2022-06-09 11:23: CPU: 31.6 0.0 :100.0 13.3 6.7 0.0 6.2 11.8 6.7 0.0 6.2 6.7 6.7 13.3 92.9 6.7 6.2 :100.0 31.2 0.0 0.0 31.2 0.0 0.0 6.2 0.0 6.7 7.1 93.3 13.3 0.0 0.0 0.0 0.0 6.7 6.7 0.0 0.0 6.7 26.7 11.8 11.8 0.0 0.0 0.0 0.0 0.0 0.0 0.0 45.5 33.3 0.0 0.0 0.0 0.0 0.0 11.8 6.2 0.0 53.3 40.0 0.0 35.3 0.0 0.0 0.0 0.0 0.0 0.0 0.0 0.0 0.0 0.0 13.3 0.0 6.2 0.0 0.0 0.0 6.7  Mem(used): 19746.4 MB out of 193068.3 MB
2022-06-09 11:23: CPU: 6.7 12.5 47.1 48.0 26.7 37.5 0.0 28.6 0.0 0.0 6.7 6.2 0.0 0.0 0.0 0.0 92.3 0.0 5.9 6.2 31.2 40.0 6.7 6.2 0.0 0.0 6.7 43.8 80.0 0.0 0.0 0.0 6.7 20.0 6.2 13.3 6.7 6.7 0.0 0.0 7.1 6.2 0.0 31.2 20.0 0.0 0.0 0.0 4.3 0.0 0.0 10.0 6.2 0.0 0.0 0.0 11.8 86.7 0.0 0.0 0.0 0.0 0.0 6.7 0.0 0.0 6.7 6.2 0.0 0.0 0.0 0.0 0.0 0.0 0.0 6.2 0.0 0.0 0.0 28.6  Mem(used): 19747.2 MB out of 193068.3 MB
2022-06-09 11:23: CPU: 0.0 11.8 0.0 0.0 93.3 6.7 31.8 :100.0 6.2 0.0 6.7 6.2 0.0 6.2 11.8 0.0 6.7 40.0 6.7 0.0 20.0 7.1 6.7 0.0 6.2 0.0 7.1 6.2 0.0 6.7 0.0 0.0 0.0 0.0 6.7 6.7 20.0 18.8 0.0 0.0 0.0 6.2 0.0 33.3 0.0 0.0 0.0 0.0 0.0 0.0 6.7 11.8 0.0 12.5 6.2 0.0 6.2 0.0 0.0 0.0 0.0 26.7 0.0 0.0 0.0 0.0 0.0 0.0 0.0 93.3 0.0 0.0 0.0 6.7 0.0 0.0 0.0 0.0 0.0 33.3  Mem(used): 19744.4 MB out of 193068.3 MB
2022-06-09 11:23: CPU: 0.0 25.0 6.2 7.1 0.0 0.0 86.7 86.7 0.0 6.7 0.0 7.1 0.0 0.0 6.2 0.0 6.7 60.0 0.0 6.7 0.0 6.2 0.0 46.7 6.7 6.7 0.0 0.0 12.5 0.0 0.0 0.0 0.0 37.5 0.0 7.1 0.0 0.0 0.0 33.3 0.0 0.0 0.0 37.5 0.0 0.0 0.0 0.0 0.0 0.0 28.6 0.0 0.0 6.7 6.2 30.0 0.0 0.0 0.0 6.2 0.0 0.0 0.0 0.0 0.0 0.0 0.0 0.0 0.0 93.8 0.0 0.0 20.0 6.7 0.0 0.0 0.0 0.0 0.0 0.0  Mem(used): 19746.6 MB out of 193068.3 MB
2022-06-09 11:23: CPU: 0.0 0.0 20.0 0.0 0.0 0.0 86.7 :100.0 6.2 13.3 0.0 0.0 0.0 0.0 13.3 40.0 6.2 0.0 0.0 12.5 0.0 7.1 6.7 53.3 0.0 11.8 12.5 0.0 6.2 0.0 0.0 6.7 0.0 0.0 50.0 13.3 6.7 0.0 0.0 35.7 0.0 6.2 0.0 0.0 0.0 0.0 0.0 0.0 0.0 0.0 28.6 0.0 0.0 11.8 6.2 0.0 6.2 50.0 6.2 0.0 0.0 0.0 0.0 0.0 0.0 22.2 0.0 0.0 0.0 86.7 0.0 0.0 26.7 13.3 0.0 0.0 0.0 0.0 6.2 0.0  Mem(used): 19748.9 MB out of 193068.3 MB
2022-06-09 11:23: CPU: 5.9 0.0 6.7 6.7 0.0 0.0 :100.0 :100.0 12.5 12.5 0.0 0.0 35.0 7.1 0.0 5.9 6.7 0.0 0.0 6.7 0.0 6.2 0.0 0.0 0.0 6.2 12.5 6.7 0.0 0.0 6.7 12.5 0.0 12.5 0.0 40.0 6.2 0.0 6.7 0.0 0.0 6.2 0.0 0.0 0.0 0.0 0.0 0.0 6.2 0.0 86.7 0.0 9.1 0.0 6.7 0.0 53.3 6.7 0.0 0.0 0.0 0.0 0.0 0.0 43.8 6.2 17.6 0.0 0.0 93.8 0.0 0.0 40.0 0.0 0.0 0.0 0.0 0.0 0.0 28.6  Mem(used): 19745.5 MB out of 193068.3 MB
2022-06-09 11:23: CPU: 0.0 6.7 6.7 6.2 6.2 0.0 :100.0 93.8 0.0 0.0 12.5 0.0 0.0 87.5 13.3 0.0 46.7 6.7 6.2 0.0 0.0 0.0 0.0 0.0 40.0 6.7 6.7 6.2 12.5 0.0 0.0 5.9 0.0 6.2 13.3 7.1 0.0 46.7 0.0 0.0 0.0 0.0 0.0 0.0 0.0 0.0 0.0 0.0 6.7 0.0 0.0 0.0 0.0 0.0 0.0 0.0 0.0 5.9 0.0 0.0 6.2 0.0 0.0 0.0 10.5 11.1 0.0 6.2 0.0 86.7 0.0 0.0 43.8 0.0 0.0 5.9 6.2 0.0 0.0 33.3  Mem(used): 19747.5 MB out of 193068.3 MB
2022-06-09 11:23: CPU: 43.8 0.0 13.3 0.0 6.2 0.0 :100.0 0.0 0.0 :100.0 6.2 0.0 6.7 0.0 85.7 0.0 0.0 6.7 6.7 0.0 0.0 0.0 0.0 12.5 75.0 6.2 6.7 0.0 0.0 0.0 0.0 6.2 21.4 0.0 13.3 0.0 6.2 0.0 0.0 6.7 0.0 0.0 0.0 0.0 0.0 6.7 0.0 0.0 5.6 0.0 0.0 0.0 60.9 0.0 6.7 0.0 0.0 0.0 6.2 6.7 6.2 0.0 0.0 0.0 0.0 0.0 0.0 0.0 0.0 :100.0 0.0 0.0 25.0 0.0 0.0 0.0 6.2 0.0 0.0 37.5  Mem(used): 19747.5 MB out of 193068.3 MB
2022-06-09 11:23: CPU: 0.0 0.0 12.5 0.0 13.3 0.0 87.5 0.0 0.0 :100.0 6.2 0.0 6.7 0.0 13.3 6.7 0.0 0.0 12.5 6.2 0.0 0.0 6.7 6.7 0.0 6.2 31.2 6.7 0.0 0.0 6.2 0.0 12.5 40.0 13.3 12.5 0.0 0.0 0.0 13.3 0.0 0.0 0.0 0.0 0.0 0.0 0.0 0.0 0.0 0.0 60.0 0.0 0.0 0.0 0.0 0.0 86.7 23.8 0.0 0.0 0.0 6.7 0.0 0.0 0.0 0.0 13.3 0.0 0.0 81.2 0.0 0.0 0.0 0.0 0.0 0.0 0.0 0.0 0.0 40.0  Mem(used): 19750.0 MB out of 193068.3 MB
2022-06-09 11:23: CPU: 0.0 0.0 6.2 0.0 0.0 6.7 40.0 0.0 0.0 0.0 0.0 57.1 :100.0 6.2 0.0 0.0 12.5 6.7 6.7 6.7 0.0 0.0 0.0 6.7 0.0 12.5 6.7 6.7 6.7 0.0 0.0 0.0 0.0 6.2 46.7 13.3 0.0 0.0 0.0 6.7 0.0 0.0 0.0 0.0 0.0 0.0 0.0 0.0 7.1 0.0 0.0 0.0 6.7 0.0 0.0 0.0 0.0 0.0 78.6 0.0 0.0 6.2 0.0 0.0 0.0 0.0 0.0 0.0 0.0 93.3 43.8 0.0 0.0 0.0 0.0 0.0 0.0 52.9 0.0 31.2  Mem(used): 19749.4 MB out of 193068.3 MB
2022-06-09 11:23: CPU: 80.0 0.0 6.2 0.0 6.2 6.7 53.3 0.0 0.0 0.0 0.0 0.0 68.8 0.0 0.0 0.0 0.0 0.0 6.7 6.7 6.7 0.0 0.0 0.0 0.0 0.0 6.7 18.8 0.0 7.1 0.0 93.3 57.1 0.0 33.3 6.2 18.8 6.7 6.2 11.8 0.0 0.0 0.0 0.0 0.0 0.0 0.0 0.0 0.0 23.1 7.1 46.7 40.0 6.2 12.5 6.7 5.9 0.0 6.2 12.5 0.0 0.0 0.0 43.8 6.2 0.0 6.7 0.0 0.0 0.0 0.0 0.0 0.0 14.3 0.0 0.0 0.0 0.0 0.0 33.3  Mem(used): 19751.4 MB out of 193068.3 MB
2022-06-09 11:23: CPU: 93.3 0.0 12.5 0.0 0.0 0.0 0.0 :100.0 46.7 6.7 0.0 0.0 :100.0 6.2 0.0 0.0 6.7 12.5 6.7 6.7 0.0 0.0 0.0 0.0 0.0 47.1 6.2 0.0 6.2 5.9 0.0 81.2 80.0 0.0 26.7 0.0 6.7 6.7 5.9 0.0 0.0 0.0 12.5 0.0 0.0 0.0 0.0 0.0 0.0 0.0 0.0 64.0 0.0 0.0 0.0 0.0 6.7 0.0 0.0 0.0 0.0 6.7 0.0 0.0 0.0 0.0 0.0 0.0 0.0 0.0 0.0 0.0 0.0 0.0 0.0 0.0 0.0 0.0 0.0 33.3  Mem(used): 19753.8 MB out of 193068.3 MB
2022-06-09 11:23: CPU: 6.2 75.0 6.7 0.0 0.0 6.2 0.0 93.8 0.0 46.7 43.8 0.0 0.0 6.7 6.7 0.0 6.7 6.7 6.2 6.7 6.7 0.0 0.0 6.7 5.9 0.0 50.0 14.3 6.2 0.0 6.7 6.2 53.3 80.0 33.3 0.0 6.7 6.7 0.0 22.2 18.8 6.2 0.0 0.0 0.0 0.0 0.0 0.0 0.0 0.0 14.3 0.0 0.0 6.7 62.5 0.0 0.0 6.7 0.0 6.7 30.0 0.0 0.0 0.0 6.7 0.0 0.0 0.0 0.0 0.0 0.0 0.0 0.0 0.0 0.0 0.0 12.5 6.2 0.0 33.3  Mem(used): 19758.0 MB out of 193068.3 MB
2022-06-09 11:23: CPU: 6.2 86.7 17.6 6.2 6.7 6.2 6.2 :100.0 0.0 0.0 0.0 44.0 0.0 0.0 6.7 0.0 6.2 6.7 0.0 6.2 0.0 6.2 12.5 0.0 0.0 6.7 13.3 0.0 0.0 6.7 0.0 53.3 53.3 0.0 46.7 0.0 0.0 0.0 0.0 0.0 6.7 0.0 0.0 0.0 0.0 0.0 0.0 0.0 0.0 0.0 :100.0 0.0 0.0 0.0 56.2 11.8 0.0 0.0 6.2 7.1 11.1 0.0 13.3 0.0 0.0 0.0 0.0 0.0 0.0 0.0 0.0 0.0 0.0 66.7 0.0 0.0 13.3 0.0 0.0 31.2  Mem(used): 19758.6 MB out of 193068.3 MB
2022-06-09 11:23: CPU: 0.0 43.8 11.8 0.0 :100.0 6.2 6.2 86.7 6.7 6.7 0.0 0.0 0.0 21.1 6.7 0.0 0.0 0.0 6.7 0.0 0.0 0.0 20.0 0.0 6.7 0.0 6.2 17.6 0.0 6.7 13.3 0.0 0.0 0.0 33.3 0.0 0.0 0.0 0.0 40.0 0.0 0.0 0.0 0.0 0.0 0.0 0.0 0.0 0.0 50.0 :100.0 0.0 0.0 0.0 0.0 6.2 6.2 0.0 0.0 6.7 0.0 0.0 0.0 0.0 0.0 0.0 0.0 0.0 0.0 6.7 0.0 0.0 0.0 60.0 33.3 60.0 0.0 12.5 0.0 0.0  Mem(used): 19754.7 MB out of 193068.3 MB
2022-06-09 11:23: CPU: 6.2 6.2 46.7 6.7 0.0 93.3 6.2 62.5 6.7 12.5 0.0 0.0 11.8 5.9 6.2 0.0 0.0 6.2 6.2 6.2 0.0 0.0 13.3 0.0 0.0 0.0 6.7 6.7 0.0 6.7 6.2 0.0 6.7 0.0 25.0 53.3 57.1 6.7 12.5 33.3 0.0 12.5 0.0 0.0 0.0 0.0 0.0 0.0 0.0 6.7 :100.0 56.5 0.0 0.0 0.0 0.0 0.0 0.0 0.0 6.7 0.0 0.0 0.0 0.0 0.0 0.0 0.0 0.0 0.0 0.0 0.0 0.0 0.0 81.2 0.0 0.0 0.0 0.0 0.0 0.0  Mem(used): 19756.1 MB out of 193068.3 MB
2022-06-09 11:23: CPU: 12.5 25.0 86.7 6.7 6.7 81.2 0.0 11.8 0.0 0.0 0.0 0.0 6.2 11.8 7.1 6.7 0.0 6.2 0.0 0.0 0.0 11.8 6.2 0.0 0.0 12.5 6.2 6.7 6.2 0.0 6.2 6.7 12.5 0.0 26.7 6.7 6.7 53.3 53.3 0.0 6.2 0.0 0.0 0.0 0.0 0.0 46.7 0.0 0.0 0.0 :100.0 23.1 0.0 0.0 0.0 0.0 0.0 6.2 6.2 7.1 6.7 6.7 0.0 11.8 0.0 0.0 0.0 0.0 6.2 0.0 6.2 0.0 0.0 87.5 0.0 0.0 0.0 0.0 0.0 31.2  Mem(used): 19762.1 MB out of 193068.3 MB
2022-06-09 11:23: CPU: 7.1 13.3 93.3 6.2 0.0 0.0 50.0 0.0 80.0 6.7 0.0 0.0 23.5 12.5 11.8 11.8 0.0 11.1 11.8 0.0 0.0 6.2 0.0 0.0 0.0 0.0 13.3 6.7 0.0 0.0 0.0 6.7 0.0 0.0 0.0 40.0 6.2 6.2 0.0 0.0 0.0 0.0 0.0 18.8 0.0 0.0 0.0 0.0 0.0 0.0 93.8 0.0 0.0 0.0 12.5 47.4 6.2 6.2 12.5 11.8 0.0 13.3 0.0 0.0 0.0 0.0 0.0 0.0 0.0 0.0 0.0 0.0 0.0 0.0 93.3 0.0 0.0 28.6 50.0 33.3  Mem(used): 19756.8 MB out of 193068.3 MB
2022-06-09 11:23: CPU: 7.1 56.5 :100.0 6.2 11.8 0.0 50.0 0.0 0.0 0.0 0.0 6.7 0.0 6.7 0.0 0.0 0.0 0.0 6.2 0.0 31.6 0.0 0.0 0.0 0.0 7.1 11.8 6.7 0.0 13.3 0.0 0.0 0.0 0.0 0.0 87.5 6.2 11.8 6.2 35.7 0.0 6.2 0.0 6.7 12.5 0.0 0.0 0.0 86.7 0.0 0.0 0.0 :100.0 0.0 0.0 0.0 6.2 0.0 5.9 0.0 35.7 7.1 0.0 6.2 0.0 0.0 0.0 0.0 0.0 0.0 0.0 0.0 0.0 0.0 6.2 0.0 0.0 33.3 56.2 0.0  Mem(used): 19758.4 MB out of 193068.3 MB
2022-06-09 11:23: CPU: 6.7 0.0 0.0 93.8 12.5 20.0 0.0 0.0 46.7 0.0 9.1 6.7 0.0 6.7 6.7 11.8 0.0 0.0 6.2 0.0 5.9 38.1 6.2 0.0 0.0 6.2 6.7 0.0 6.7 6.7 6.2 6.7 0.0 0.0 0.0 81.2 0.0 12.5 6.2 0.0 0.0 6.7 0.0 0.0 0.0 0.0 0.0 0.0 0.0 86.7 0.0 7.1 :100.0 0.0 0.0 0.0 0.0 12.5 6.2 16.7 20.0 13.3 6.7 6.7 0.0 0.0 0.0 0.0 0.0 0.0 0.0 0.0 0.0 0.0 0.0 0.0 0.0 60.0 50.0 33.3  Mem(used): 19760.1 MB out of 193068.3 MB
2022-06-09 11:23: CPU: 0.0 6.2 11.8 60.0 12.5 11.8 0.0 0.0 6.7 6.7 5.9 0.0 53.3 0.0 6.2 75.0 6.7 6.2 6.2 0.0 33.3 16.7 13.3 17.6 20.0 20.0 6.7 0.0 0.0 0.0 0.0 0.0 0.0 46.7 0.0 78.6 0.0 17.6 6.7 40.0 6.7 0.0 0.0 0.0 6.2 12.5 0.0 0.0 0.0 6.2 6.2 0.0 10.0 0.0 :100.0 0.0 0.0 0.0 6.2 0.0 0.0 0.0 12.5 0.0 0.0 0.0 0.0 0.0 0.0 0.0 0.0 0.0 0.0 0.0 0.0 0.0 0.0 0.0 6.7 0.0  Mem(used): 19765.1 MB out of 193068.3 MB
2022-06-09 11:23: CPU: 0.0 40.0 6.7 0.0 13.3 0.0 6.7 0.0 0.0 0.0 6.7 0.0 6.7 0.0 6.7 0.0 :100.0 71.4 20.0 0.0 0.0 22.2 7.1 0.0 6.2 0.0 0.0 0.0 6.7 0.0 0.0 6.7 0.0 20.0 0.0 86.7 0.0 6.7 0.0 0.0 6.7 0.0 0.0 33.3 0.0 13.3 0.0 0.0 0.0 16.7 0.0 0.0 0.0 0.0 0.0 0.0 60.0 0.0 0.0 0.0 0.0 0.0 40.0 0.0 0.0 56.2 0.0 0.0 6.2 0.0 5.9 0.0 0.0 0.0 0.0 0.0 6.7 0.0 0.0 33.3  Mem(used): 19771.3 MB out of 193068.3 MB
2022-06-09 11:23: CPU: 0.0 :100.0 6.7 0.0 0.0 0.0 0.0 0.0 0.0 0.0 6.7 0.0 6.2 0.0 6.7 0.0 0.0 50.0 6.7 12.5 0.0 13.3 6.2 0.0 13.3 0.0 5.9 0.0 0.0 0.0 6.7 6.7 0.0 0.0 29.4 0.0 81.2 0.0 6.2 46.7 80.0 0.0 0.0 :100.0 0.0 6.2 5.9 0.0 0.0 0.0 40.9 0.0 6.2 0.0 0.0 0.0 16.7 6.7 0.0 0.0 0.0 0.0 31.2 6.2 0.0 53.3 6.2 0.0 0.0 0.0 0.0 5.9 0.0 6.7 0.0 0.0 0.0 0.0 6.7 0.0  Mem(used): 19769.9 MB out of 193068.3 MB
2022-06-09 11:24: CPU: 0.0 :100.0 86.7 :100.0 13.3 0.0 6.2 0.0 0.0 0.0 0.0 0.0 6.2 0.0 0.0 0.0 0.0 40.0 6.7 6.7 5.9 0.0 25.0 15.8 6.7 50.0 0.0 0.0 0.0 0.0 0.0 0.0 0.0 0.0 0.0 31.2 66.7 0.0 0.0 43.8 0.0 0.0 0.0 0.0 0.0 0.0 0.0 0.0 0.0 31.8 0.0 0.0 0.0 11.8 0.0 0.0 0.0 0.0 6.2 0.0 0.0 0.0 0.0 6.2 11.8 0.0 0.0 0.0 0.0 0.0 0.0 0.0 0.0 6.7 6.7 20.0 0.0 0.0 13.3 0.0  Mem(used): 19777.8 MB out of 193068.3 MB
2022-06-09 11:24: CPU: 37.5 :100.0 6.2 :100.0 81.2 13.3 26.7 0.0 12.5 6.7 0.0 0.0 0.0 0.0 6.7 0.0 0.0 0.0 13.3 0.0 0.0 6.7 6.7 0.0 40.0 12.5 26.7 6.2 6.2 6.2 6.7 6.7 11.8 0.0 0.0 0.0 60.0 0.0 7.1 14.3 18.8 0.0 0.0 0.0 6.2 0.0 0.0 0.0 0.0 0.0 0.0 0.0 6.2 0.0 0.0 0.0 9.1 0.0 6.2 0.0 0.0 0.0 33.3 6.2 0.0 6.7 13.3 0.0 0.0 0.0 0.0 0.0 0.0 53.3 0.0 5.9 0.0 0.0 0.0 0.0  Mem(used): 19783.6 MB out of 193068.3 MB
2022-06-09 11:24: CPU: 0.0 20.0 56.2 33.3 0.0 92.9 13.3 0.0 18.8 0.0 0.0 0.0 12.5 7.1 6.7 0.0 0.0 6.7 0.0 52.2 0.0 0.0 0.0 43.8 31.2 6.2 6.2 11.8 6.2 6.2 0.0 6.2 6.7 46.7 0.0 6.7 60.0 12.5 0.0 0.0 0.0 78.6 0.0 0.0 0.0 0.0 0.0 0.0 0.0 0.0 6.7 11.8 0.0 0.0 0.0 0.0 17.6 0.0 0.0 0.0 13.3 0.0 0.0 6.2 0.0 14.3 33.3 0.0 0.0 0.0 6.7 0.0 0.0 0.0 6.7 0.0 0.0 0.0 6.2 6.2  Mem(used): 19782.6 MB out of 193068.3 MB
2022-06-09 11:24: CPU: 0.0 :100.0 0.0 0.0 0.0 0.0 0.0 86.7 7.1 43.8 12.5 6.7 0.0 0.0 6.2 0.0 0.0 12.5 0.0 0.0 0.0 0.0 0.0 37.5 25.0 0.0 6.2 6.7 6.2 0.0 0.0 6.7 6.2 0.0 6.2 6.2 81.2 5.9 0.0 0.0 0.0 0.0 9.1 0.0 0.0 0.0 0.0 0.0 0.0 0.0 0.0 0.0 0.0 0.0 0.0 0.0 0.0 0.0 6.7 46.7 6.7 5.9 53.3 0.0 0.0 13.3 37.5 0.0 0.0 0.0 0.0 0.0 6.2 6.7 0.0 6.7 0.0 0.0 0.0 0.0  Mem(used): 19783.9 MB out of 193068.3 MB
2022-06-09 11:24: CPU: 0.0 :100.0 0.0 0.0 23.1 0.0 0.0 0.0 0.0 0.0 0.0 6.7 6.7 6.7 0.0 6.7 0.0 6.7 0.0 0.0 6.7 0.0 46.7 0.0 0.0 13.3 23.5 12.5 0.0 0.0 6.7 6.7 6.2 0.0 0.0 0.0 80.0 0.0 0.0 0.0 12.5 0.0 0.0 0.0 18.8 0.0 0.0 0.0 0.0 0.0 87.5 6.2 0.0 0.0 0.0 0.0 0.0 0.0 6.2 66.7 0.0 0.0 0.0 26.7 31.2 0.0 37.5 0.0 0.0 0.0 0.0 0.0 0.0 0.0 13.3 0.0 0.0 0.0 5.9 0.0  Mem(used): 19779.7 MB out of 193068.3 MB
2022-06-09 11:24: CPU: 0.0 87.5 0.0 6.2 0.0 57.1 0.0 0.0 0.0 0.0 6.2 6.7 0.0 6.2 20.0 18.8 6.7 6.7 26.7 0.0 7.1 0.0 0.0 0.0 6.7 0.0 0.0 0.0 6.7 0.0 0.0 6.2 0.0 6.2 0.0 6.2 6.7 42.9 87.5 7.1 17.6 0.0 6.7 0.0 0.0 0.0 0.0 0.0 0.0 0.0 0.0 86.7 6.2 0.0 0.0 0.0 0.0 0.0 6.2 93.8 0.0 0.0 0.0 26.7 28.6 12.5 31.2 0.0 0.0 6.7 0.0 0.0 0.0 0.0 0.0 0.0 0.0 0.0 0.0 0.0  Mem(used): 19777.2 MB out of 193068.3 MB
2022-06-09 11:24: CPU: 0.0 93.8 0.0 0.0 45.5 25.0 0.0 0.0 50.0 0.0 12.5 25.0 6.7 20.0 6.7 0.0 0.0 0.0 0.0 6.7 7.1 0.0 12.5 12.5 0.0 0.0 30.8 6.7 12.5 6.7 0.0 6.7 0.0 0.0 0.0 6.7 0.0 0.0 93.3 0.0 0.0 0.0 0.0 0.0 0.0 0.0 0.0 0.0 0.0 0.0 0.0 0.0 78.6 0.0 12.5 6.2 13.3 0.0 6.7 :100.0 0.0 0.0 0.0 0.0 20.0 6.7 0.0 0.0 33.3 0.0 0.0 43.8 0.0 0.0 0.0 0.0 0.0 0.0 0.0 0.0  Mem(used): 19776.3 MB out of 193068.3 MB
2022-06-09 11:24: CPU: 13.3 81.2 6.2 0.0 0.0 9.1 0.0 0.0 46.7 31.6 13.3 0.0 0.0 7.1 0.0 6.7 0.0 0.0 6.2 6.7 13.3 0.0 0.0 0.0 6.2 0.0 0.0 40.0 0.0 0.0 0.0 6.2 0.0 6.7 6.2 6.2 14.3 6.7 93.3 20.0 0.0 0.0 0.0 0.0 0.0 0.0 0.0 0.0 0.0 0.0 6.7 0.0 0.0 0.0 0.0 93.8 12.5 0.0 0.0 68.8 0.0 0.0 0.0 0.0 46.7 12.5 0.0 0.0 26.7 0.0 0.0 0.0 0.0 0.0 0.0 6.7 0.0 0.0 0.0 0.0  Mem(used): 19780.0 MB out of 193068.3 MB
2022-06-09 11:24: CPU: 33.3 62.5 0.0 0.0 0.0 0.0 0.0 0.0 53.3 5.9 0.0 6.2 6.7 10.0 0.0 6.2 0.0 6.2 0.0 0.0 26.7 6.7 21.4 0.0 0.0 6.7 0.0 0.0 6.7 0.0 0.0 0.0 0.0 6.2 0.0 0.0 0.0 6.2 0.0 86.7 0.0 0.0 0.0 0.0 0.0 0.0 0.0 0.0 0.0 0.0 5.9 0.0 6.2 20.0 28.6 53.3 40.0 0.0 46.7 60.0 0.0 0.0 0.0 0.0 0.0 0.0 0.0 28.6 40.0 0.0 0.0 20.0 0.0 0.0 0.0 0.0 0.0 6.2 0.0 0.0  Mem(used): 19782.4 MB out of 193068.3 MB
2022-06-09 11:24: CPU: 31.2 68.8 6.7 0.0 0.0 0.0 0.0 12.5 33.3 33.3 0.0 0.0 0.0 6.2 12.5 0.0 6.2 92.9 12.5 6.7 0.0 0.0 0.0 0.0 0.0 6.7 7.1 25.0 0.0 0.0 0.0 0.0 50.0 0.0 0.0 0.0 0.0 12.5 6.7 0.0 0.0 0.0 0.0 0.0 0.0 0.0 0.0 0.0 0.0 56.5 6.7 0.0 6.2 33.3 0.0 0.0 0.0 0.0 28.6 46.7 86.7 6.7 0.0 0.0 0.0 0.0 0.0 0.0 0.0 0.0 6.2 37.5 0.0 0.0 0.0 0.0 40.0 0.0 6.2 0.0  Mem(used): 19788.1 MB out of 193068.3 MB
2022-06-09 11:24: CPU: 0.0 71.4 87.5 0.0 6.7 6.2 0.0 0.0 6.7 6.7 0.0 0.0 0.0 20.0 6.2 6.7 0.0 0.0 0.0 0.0 0.0 0.0 0.0 0.0 6.7 0.0 13.3 40.0 6.7 6.7 0.0 0.0 50.0 13.3 0.0 0.0 14.3 13.3 0.0 0.0 6.2 0.0 0.0 13.3 0.0 0.0 0.0 0.0 0.0 0.0 17.6 9.1 0.0 0.0 57.1 0.0 0.0 0.0 35.7 66.7 0.0 86.7 6.7 0.0 0.0 0.0 0.0 0.0 0.0 0.0 0.0 42.9 0.0 0.0 0.0 0.0 20.0 0.0 11.8 5.9  Mem(used): 19790.9 MB out of 193068.3 MB
2022-06-09 11:24: CPU: 0.0 :100.0 6.2 0.0 0.0 93.3 0.0 0.0 0.0 0.0 6.7 0.0 6.7 6.7 14.3 0.0 0.0 6.7 0.0 0.0 0.0 0.0 0.0 33.3 6.7 6.7 0.0 6.2 6.7 6.7 6.7 37.5 0.0 6.2 12.5 0.0 0.0 0.0 0.0 12.5 0.0 0.0 0.0 28.6 0.0 0.0 6.2 0.0 0.0 0.0 6.7 37.5 0.0 0.0 0.0 43.8 0.0 0.0 0.0 :100.0 13.3 80.0 6.2 0.0 0.0 0.0 0.0 0.0 0.0 0.0 0.0 0.0 6.2 0.0 0.0 0.0 40.0 0.0 6.7 46.7  Mem(used): 19785.9 MB out of 193068.3 MB
2022-06-09 11:24: CPU: 46.7 0.0 33.3 0.0 :100.0 0.0 0.0 66.7 37.5 6.7 12.5 6.7 17.6 6.2 0.0 0.0 0.0 13.3 6.2 0.0 11.8 0.0 31.2 0.0 60.0 12.5 12.5 18.8 6.7 6.2 6.7 0.0 0.0 0.0 0.0 0.0 0.0 0.0 0.0 6.7 0.0 0.0 0.0 0.0 0.0 0.0 0.0 0.0 0.0 55.0 0.0 6.2 0.0 0.0 26.7 0.0 0.0 0.0 0.0 :100.0 20.0 0.0 6.2 25.0 25.0 0.0 0.0 0.0 0.0 0.0 0.0 26.7 0.0 0.0 0.0 0.0 26.7 0.0 0.0 0.0  Mem(used): 19787.7 MB out of 193068.3 MB
2022-06-09 11:24: CPU: 0.0 86.7 25.0 6.7 :100.0 56.0 0.0 0.0 0.0 6.7 11.8 0.0 0.0 0.0 64.7 0.0 43.5 6.2 0.0 0.0 12.5 0.0 50.0 6.2 0.0 87.5 18.8 12.5 6.7 0.0 6.7 0.0 0.0 0.0 0.0 6.7 0.0 0.0 0.0 0.0 0.0 0.0 0.0 0.0 0.0 0.0 0.0 0.0 0.0 0.0 0.0 0.0 0.0 0.0 46.7 0.0 0.0 0.0 0.0 64.3 0.0 0.0 6.7 33.3 0.0 0.0 6.2 0.0 0.0 0.0 0.0 33.3 0.0 0.0 0.0 0.0 28.6 0.0 0.0 0.0  Mem(used): 19794.1 MB out of 193068.3 MB
2022-06-09 11:24: CPU: 0.0 6.7 42.9 18.8 :100.0 93.3 6.7 9.5 6.7 18.8 7.1 10.0 6.2 12.5 0.0 6.2 0.0 0.0 0.0 35.7 6.2 0.0 0.0 6.2 0.0 0.0 13.3 0.0 6.7 7.1 6.7 0.0 6.7 0.0 0.0 0.0 31.2 0.0 0.0 6.2 6.7 0.0 0.0 0.0 0.0 0.0 0.0 0.0 0.0 13.3 0.0 0.0 0.0 0.0 14.3 0.0 0.0 0.0 0.0 0.0 0.0 0.0 0.0 0.0 37.5 86.7 53.3 0.0 0.0 12.5 0.0 40.0 0.0 0.0 0.0 0.0 0.0 0.0 0.0 0.0  Mem(used): 19789.1 MB out of 193068.3 MB
2022-06-09 11:24: CPU: 7.1 6.7 0.0 33.3 93.3 6.7 42.9 86.7 0.0 0.0 0.0 0.0 6.2 0.0 6.7 0.0 0.0 0.0 6.7 43.8 0.0 6.7 0.0 0.0 0.0 26.7 35.7 50.0 14.3 13.3 6.7 25.0 0.0 0.0 6.2 0.0 0.0 6.7 0.0 0.0 0.0 0.0 0.0 0.0 0.0 0.0 0.0 0.0 0.0 0.0 23.5 0.0 6.7 0.0 20.0 9.1 0.0 0.0 0.0 0.0 0.0 0.0 0.0 0.0 0.0 0.0 47.1 0.0 0.0 6.2 0.0 0.0 0.0 0.0 0.0 0.0 31.2 0.0 0.0 0.0  Mem(used): 19790.0 MB out of 193068.3 MB
2022-06-09 11:24: CPU: 0.0 0.0 0.0 26.7 73.3 0.0 7.1 0.0 33.3 6.2 6.7 18.8 37.5 37.5 0.0 0.0 6.2 0.0 0.0 0.0 0.0 6.2 0.0 6.2 7.1 0.0 0.0 0.0 6.7 53.3 6.7 13.3 6.2 6.2 25.0 0.0 33.3 6.7 6.7 0.0 0.0 0.0 0.0 0.0 0.0 0.0 0.0 0.0 80.0 0.0 33.3 0.0 0.0 0.0 37.5 0.0 0.0 0.0 0.0 :100.0 0.0 0.0 0.0 7.1 0.0 0.0 0.0 42.9 0.0 6.2 0.0 13.3 0.0 0.0 0.0 0.0 0.0 0.0 0.0 0.0  Mem(used): 19797.0 MB out of 193068.3 MB
2022-06-09 11:24: CPU: 0.0 0.0 66.7 0.0 :100.0 0.0 0.0 0.0 6.7 81.2 13.3 20.0 6.2 6.7 0.0 0.0 6.7 0.0 6.7 0.0 0.0 0.0 6.7 5.9 0.0 0.0 0.0 0.0 0.0 43.8 0.0 40.0 0.0 0.0 12.5 6.2 0.0 6.2 0.0 6.2 0.0 0.0 0.0 0.0 0.0 0.0 44.0 0.0 0.0 0.0 6.7 0.0 0.0 0.0 40.0 0.0 6.7 0.0 0.0 93.8 0.0 0.0 0.0 0.0 0.0 6.2 0.0 0.0 0.0 0.0 0.0 46.7 0.0 0.0 26.7 0.0 31.2 0.0 0.0 0.0  Mem(used): 19794.5 MB out of 193068.3 MB
2022-06-09 11:24: CPU: 0.0 0.0 46.7 0.0 :100.0 25.0 0.0 0.0 0.0 6.7 26.7 0.0 86.7 6.7 0.0 0.0 6.7 0.0 6.7 0.0 0.0 0.0 0.0 0.0 6.7 7.1 0.0 6.7 12.5 31.2 20.0 40.0 0.0 0.0 40.0 12.5 6.7 6.2 0.0 6.2 0.0 0.0 0.0 0.0 0.0 0.0 0.0 0.0 0.0 0.0 7.1 0.0 0.0 0.0 0.0 0.0 0.0 0.0 0.0 :100.0 0.0 0.0 0.0 0.0 0.0 0.0 0.0 0.0 0.0 0.0 6.7 47.1 6.7 0.0 0.0 0.0 31.2 0.0 0.0 0.0  Mem(used): 19796.2 MB out of 193068.3 MB
2022-06-09 11:24: CPU: 6.7 0.0 18.8 31.2 :100.0 13.3 13.3 0.0 0.0 0.0 0.0 6.2 0.0 53.3 0.0 0.0 0.0 0.0 0.0 0.0 0.0 0.0 0.0 37.5 0.0 0.0 0.0 0.0 6.7 0.0 13.3 0.0 6.7 6.7 0.0 20.0 0.0 0.0 11.8 6.7 0.0 0.0 0.0 0.0 0.0 0.0 0.0 0.0 0.0 0.0 7.1 7.1 26.7 42.9 0.0 0.0 0.0 18.2 0.0 50.0 0.0 0.0 6.2 42.9 0.0 0.0 0.0 0.0 0.0 0.0 33.3 21.4 0.0 0.0 37.5 0.0 0.0 0.0 0.0 0.0  Mem(used): 19800.0 MB out of 193068.3 MB
2022-06-09 11:24: CPU: 0.0 0.0 0.0 60.0 :100.0 0.0 0.0 53.3 0.0 28.6 0.0 0.0 13.3 0.0 0.0 0.0 6.2 0.0 6.7 0.0 0.0 0.0 6.7 0.0 0.0 0.0 7.1 0.0 0.0 0.0 0.0 46.7 12.5 0.0 0.0 7.1 6.7 0.0 0.0 0.0 0.0 0.0 0.0 0.0 0.0 0.0 0.0 0.0 0.0 0.0 0.0 0.0 43.8 0.0 0.0 0.0 80.0 0.0 0.0 50.0 0.0 20.0 0.0 31.2 0.0 0.0 0.0 0.0 0.0 0.0 0.0 40.0 26.7 6.2 0.0 0.0 26.7 0.0 20.0 0.0  Mem(used): 19810.8 MB out of 193068.3 MB
2022-06-09 11:24: CPU: 0.0 6.2 0.0 0.0 :100.0 6.7 0.0 0.0 0.0 0.0 7.1 0.0 60.0 14.3 0.0 0.0 6.7 93.3 0.0 6.2 33.3 20.0 0.0 0.0 6.2 0.0 0.0 0.0 11.8 0.0 0.0 0.0 6.7 0.0 37.5 0.0 50.0 0.0 12.5 7.1 6.2 0.0 0.0 0.0 0.0 0.0 0.0 0.0 0.0 0.0 6.7 0.0 0.0 46.7 0.0 0.0 0.0 6.2 0.0 46.7 0.0 0.0 0.0 31.2 12.5 0.0 0.0 0.0 13.3 0.0 6.7 28.6 0.0 0.0 0.0 0.0 0.0 0.0 18.8 0.0  Mem(used): 19821.2 MB out of 193068.3 MB
2022-06-09 11:24: CPU: 0.0 93.3 0.0 0.0 :100.0 0.0 0.0 0.0 0.0 13.3 0.0 0.0 0.0 42.9 42.9 6.2 0.0 6.7 0.0 0.0 0.0 0.0 50.0 6.7 6.7 0.0 6.7 6.7 16.7 6.2 53.3 25.0 11.8 6.7 12.5 0.0 0.0 6.7 0.0 0.0 0.0 0.0 0.0 0.0 0.0 0.0 0.0 0.0 0.0 0.0 6.7 0.0 0.0 26.7 0.0 0.0 0.0 0.0 0.0 93.3 0.0 0.0 0.0 37.5 6.2 0.0 0.0 0.0 0.0 40.0 0.0 0.0 7.1 0.0 0.0 7.1 12.5 0.0 0.0 6.7  Mem(used): 19823.6 MB out of 193068.3 MB
2022-06-09 11:24: CPU: 0.0 0.0 93.8 6.2 :100.0 0.0 0.0 0.0 0.0 6.2 17.6 0.0 62.5 40.0 0.0 0.0 0.0 0.0 0.0 6.2 0.0 6.7 0.0 0.0 0.0 6.7 80.0 11.8 0.0 6.7 33.3 13.3 6.7 50.0 0.0 6.7 6.7 25.0 6.2 6.2 0.0 0.0 0.0 0.0 0.0 0.0 0.0 0.0 0.0 0.0 6.2 43.8 0.0 40.0 0.0 0.0 0.0 0.0 0.0 93.3 0.0 0.0 0.0 37.5 0.0 0.0 0.0 6.2 0.0 6.2 0.0 6.7 0.0 6.7 0.0 0.0 0.0 0.0 0.0 0.0  Mem(used): 19819.1 MB out of 193068.3 MB
2022-06-09 11:24: CPU: 0.0 0.0 0.0 87.5 :100.0 0.0 0.0 0.0 0.0 13.3 0.0 0.0 6.7 38.5 60.0 57.1 0.0 0.0 6.7 6.7 64.3 6.7 0.0 0.0 0.0 6.7 0.0 0.0 68.8 0.0 0.0 0.0 6.7 6.2 0.0 0.0 6.2 6.7 0.0 6.7 0.0 0.0 0.0 0.0 0.0 0.0 0.0 0.0 18.5 40.9 12.5 0.0 0.0 0.0 0.0 0.0 0.0 0.0 0.0 93.8 0.0 0.0 0.0 0.0 53.3 0.0 6.2 33.3 0.0 0.0 0.0 12.5 0.0 0.0 0.0 0.0 0.0 20.0 0.0 0.0  Mem(used): 19819.2 MB out of 193068.3 MB
2022-06-09 11:24: CPU: 0.0 12.5 0.0 0.0 :100.0 87.5 18.8 0.0 0.0 0.0 11.8 7.1 6.7 0.0 0.0 0.0 0.0 26.7 0.0 40.0 6.2 30.0 22.2 6.7 6.7 6.2 7.1 0.0 6.7 0.0 86.7 0.0 6.7 0.0 0.0 6.7 0.0 33.3 6.2 31.2 0.0 0.0 0.0 0.0 0.0 0.0 0.0 0.0 0.0 0.0 0.0 0.0 0.0 0.0 42.9 46.7 0.0 0.0 0.0 0.0 0.0 0.0 0.0 0.0 0.0 0.0 0.0 28.6 0.0 68.8 0.0 13.3 0.0 6.7 0.0 5.9 0.0 5.9 0.0 35.7  Mem(used): 19820.3 MB out of 193068.3 MB
2022-06-09 11:24: CPU: 0.0 0.0 0.0 0.0 :100.0 16.7 85.7 6.2 7.1 0.0 6.2 0.0 0.0 6.2 13.3 6.2 7.1 6.7 40.0 26.7 0.0 0.0 0.0 0.0 0.0 12.5 12.5 37.5 12.5 6.7 6.2 0.0 0.0 6.7 0.0 6.7 0.0 5.9 6.2 50.0 0.0 0.0 0.0 0.0 0.0 0.0 0.0 5.9 0.0 0.0 0.0 0.0 0.0 0.0 40.0 26.7 0.0 0.0 0.0 0.0 17.6 0.0 6.7 0.0 0.0 0.0 0.0 0.0 0.0 68.8 0.0 5.9 71.4 0.0 0.0 0.0 0.0 0.0 35.7 0.0  Mem(used): 19821.4 MB out of 193068.3 MB
2022-06-09 11:24: CPU: 0.0 0.0 0.0 7.1 :100.0 57.7 93.3 0.0 0.0 0.0 0.0 6.7 6.7 6.7 6.2 0.0 6.7 40.0 0.0 42.9 43.8 18.8 0.0 6.7 6.7 18.8 6.2 6.7 35.7 60.0 6.2 6.7 62.5 0.0 0.0 0.0 0.0 0.0 0.0 0.0 40.0 0.0 0.0 0.0 0.0 0.0 0.0 0.0 0.0 0.0 6.2 0.0 0.0 0.0 0.0 0.0 0.0 0.0 0.0 60.0 0.0 0.0 6.2 0.0 0.0 14.3 0.0 0.0 0.0 0.0 0.0 0.0 0.0 0.0 0.0 0.0 0.0 0.0 6.7 0.0  Mem(used): 19837.7 MB out of 193068.3 MB
2022-06-09 11:24: CPU: 0.0 0.0 53.3 53.3 :100.0 6.7 6.7 0.0 0.0 46.7 53.3 0.0 0.0 0.0 0.0 6.7 0.0 31.2 6.7 0.0 53.3 0.0 0.0 0.0 0.0 26.7 0.0 6.7 37.5 7.1 13.3 66.7 64.3 0.0 0.0 0.0 6.7 6.7 0.0 0.0 0.0 0.0 0.0 0.0 0.0 0.0 0.0 0.0 7.1 0.0 0.0 0.0 0.0 0.0 9.1 0.0 13.3 6.7 0.0 :100.0 0.0 0.0 6.7 0.0 0.0 0.0 0.0 0.0 0.0 0.0 0.0 0.0 0.0 0.0 6.2 0.0 0.0 0.0 0.0 0.0  Mem(used): 19836.2 MB out of 193068.3 MB
2022-06-09 11:24: CPU: 38.9 6.7 27.8 46.7 :100.0 6.2 0.0 0.0 0.0 6.7 6.2 93.3 6.7 6.2 6.7 0.0 0.0 46.7 0.0 0.0 62.5 7.1 0.0 0.0 0.0 0.0 18.8 6.7 40.0 56.2 6.7 6.7 0.0 6.2 0.0 6.7 0.0 0.0 6.2 6.2 0.0 0.0 0.0 0.0 0.0 0.0 42.9 6.7 7.7 0.0 6.2 0.0 0.0 0.0 6.7 0.0 33.3 0.0 0.0 :100.0 0.0 0.0 0.0 0.0 0.0 43.8 0.0 0.0 0.0 0.0 0.0 0.0 0.0 78.6 0.0 0.0 0.0 0.0 0.0 0.0  Mem(used): 19827.8 MB out of 193068.3 MB
2022-06-09 11:24: CPU: 58.3 0.0 0.0 40.0 :100.0 12.5 0.0 0.0 0.0 40.9 18.8 0.0 7.1 0.0 0.0 6.7 :100.0 6.2 0.0 0.0 26.7 0.0 6.7 0.0 6.7 0.0 7.1 6.2 28.6 0.0 6.2 0.0 0.0 0.0 0.0 0.0 6.2 6.7 0.0 0.0 0.0 6.2 0.0 0.0 0.0 0.0 0.0 0.0 0.0 0.0 21.4 0.0 0.0 0.0 6.2 0.0 0.0 0.0 46.7 73.3 0.0 0.0 0.0 6.7 0.0 28.6 50.0 0.0 0.0 18.8 0.0 0.0 0.0 66.7 0.0 0.0 0.0 0.0 0.0 0.0  Mem(used): 19826.1 MB out of 193068.3 MB
2022-06-09 11:24: CPU: 0.0 0.0 0.0 28.6 :100.0 50.0 66.7 31.2 6.7 5.9 13.3 34.8 0.0 6.7 6.7 25.0 0.0 6.7 0.0 50.0 31.2 0.0 6.7 0.0 0.0 20.0 0.0 6.2 6.2 0.0 0.0 0.0 6.7 0.0 62.5 0.0 6.7 6.2 0.0 0.0 0.0 0.0 0.0 0.0 0.0 0.0 0.0 0.0 7.1 6.2 6.7 7.1 0.0 0.0 0.0 0.0 0.0 0.0 0.0 :100.0 20.0 0.0 6.7 13.3 6.7 0.0 0.0 0.0 33.3 0.0 0.0 6.2 0.0 80.0 0.0 13.3 0.0 0.0 0.0 0.0  Mem(used): 19838.3 MB out of 193068.3 MB
2022-06-09 11:24: CPU: 0.0 0.0 0.0 60.0 0.0 0.0 75.0 5.3 6.2 37.5 0.0 0.0 6.7 6.7 7.1 0.0 66.7 6.7 6.2 0.0 0.0 12.5 11.8 0.0 0.0 20.0 0.0 0.0 0.0 0.0 0.0 0.0 0.0 0.0 64.7 0.0 0.0 0.0 0.0 0.0 0.0 6.7 0.0 0.0 0.0 0.0 0.0 0.0 0.0 0.0 13.3 :100.0 6.7 0.0 0.0 6.2 0.0 0.0 0.0 86.7 62.5 0.0 0.0 20.0 6.2 0.0 0.0 0.0 37.5 0.0 0.0 0.0 0.0 64.3 0.0 0.0 0.0 6.7 0.0 0.0  Mem(used): 19834.9 MB out of 193068.3 MB
2022-06-09 11:24: CPU: 0.0 93.3 6.7 0.0 7.1 56.2 0.0 66.7 6.7 0.0 33.3 13.3 0.0 15.4 6.7 0.0 0.0 6.2 6.7 6.2 46.7 12.5 0.0 6.2 0.0 40.0 11.8 12.5 25.0 6.7 6.7 6.2 7.1 0.0 80.0 6.7 6.7 0.0 0.0 0.0 6.7 0.0 0.0 0.0 0.0 0.0 0.0 0.0 0.0 48.0 18.8 :100.0 6.2 0.0 0.0 0.0 80.0 6.7 0.0 0.0 0.0 0.0 18.8 0.0 20.0 0.0 0.0 0.0 20.0 0.0 0.0 0.0 0.0 0.0 0.0 53.3 0.0 0.0 0.0 0.0  Mem(used): 19831.8 MB out of 193068.3 MB
2022-06-09 11:24: CPU: 0.0 0.0 0.0 0.0 :100.0 6.7 7.1 6.7 80.0 0.0 6.7 :100.0 6.7 0.0 13.3 0.0 0.0 0.0 35.7 13.3 60.0 0.0 6.2 6.7 0.0 31.2 7.1 0.0 0.0 35.7 6.7 0.0 7.1 12.5 0.0 6.7 12.5 6.2 0.0 21.4 6.2 0.0 0.0 57.1 0.0 6.2 0.0 12.5 0.0 17.6 18.8 0.0 26.7 0.0 12.5 40.0 :100.0 0.0 0.0 0.0 0.0 0.0 0.0 0.0 0.0 0.0 0.0 0.0 0.0 0.0 0.0 0.0 0.0 0.0 :100.0 60.0 0.0 0.0 0.0 0.0  Mem(used): 19913.0 MB out of 193068.3 MB
2022-06-09 11:24: CPU: 0.0 0.0 0.0 6.7 86.7 0.0 0.0 0.0 13.3 0.0 46.7 :100.0 0.0 21.4 0.0 0.0 0.0 6.7 0.0 0.0 6.2 15.8 11.8 13.3 6.7 20.0 7.1 20.0 6.7 40.0 52.9 20.0 0.0 6.2 0.0 6.7 0.0 6.2 0.0 6.7 0.0 0.0 0.0 0.0 0.0 0.0 0.0 0.0 5.9 73.3 12.5 0.0 0.0 14.3 0.0 0.0 :100.0 0.0 0.0 0.0 56.2 0.0 0.0 13.3 0.0 0.0 0.0 0.0 0.0 0.0 0.0 0.0 0.0 0.0 93.3 0.0 0.0 0.0 0.0 0.0  Mem(used): 19934.1 MB out of 193068.3 MB
2022-06-09 11:24: CPU: 0.0 0.0 6.7 6.7 0.0 0.0 93.3 0.0 0.0 0.0 7.1 :100.0 13.3 43.8 40.0 0.0 6.7 0.0 6.2 7.1 0.0 6.7 6.2 6.7 13.3 0.0 6.2 0.0 0.0 40.0 33.3 6.2 0.0 66.7 0.0 0.0 0.0 0.0 0.0 6.7 0.0 6.2 0.0 0.0 0.0 0.0 0.0 0.0 5.6 66.7 11.8 0.0 0.0 0.0 0.0 0.0 87.5 0.0 6.7 0.0 53.3 0.0 0.0 0.0 0.0 0.0 0.0 0.0 0.0 0.0 0.0 6.7 0.0 0.0 93.3 0.0 0.0 6.2 0.0 0.0  Mem(used): 19934.2 MB out of 193068.3 MB
2022-06-09 11:24: CPU: 0.0 0.0 6.7 6.7 5.9 11.8 86.7 6.7 6.7 0.0 0.0 :100.0 6.7 53.3 6.7 0.0 0.0 6.7 11.8 0.0 18.8 0.0 0.0 6.7 0.0 6.7 0.0 0.0 0.0 0.0 42.9 6.7 6.7 66.7 6.2 12.5 0.0 6.2 0.0 6.2 13.3 6.2 0.0 13.3 0.0 0.0 0.0 0.0 6.7 0.0 43.8 0.0 56.2 0.0 6.7 46.7 0.0 33.3 0.0 0.0 21.4 0.0 0.0 0.0 0.0 0.0 0.0 0.0 0.0 33.3 0.0 6.2 0.0 0.0 0.0 :100.0 0.0 0.0 0.0 0.0  Mem(used): 19943.2 MB out of 193068.3 MB
2022-06-09 11:24: CPU: 0.0 6.2 6.7 6.7 0.0 0.0 0.0 0.0 6.7 0.0 0.0 :100.0 6.2 43.8 0.0 93.8 0.0 0.0 43.8 0.0 0.0 6.2 0.0 0.0 6.7 6.7 6.7 0.0 0.0 0.0 31.2 6.2 11.8 60.0 6.7 0.0 46.7 0.0 6.7 6.2 0.0 18.8 31.2 0.0 0.0 0.0 0.0 0.0 6.7 0.0 60.0 0.0 57.1 6.7 5.9 0.0 37.5 0.0 0.0 0.0 37.5 6.2 0.0 6.2 0.0 0.0 0.0 0.0 0.0 33.3 0.0 0.0 0.0 0.0 0.0 0.0 40.0 0.0 0.0 0.0  Mem(used): 19975.2 MB out of 193068.3 MB
2022-06-09 11:24: CPU: 0.0 0.0 6.2 0.0 0.0 0.0 0.0 0.0 0.0 6.7 0.0 :100.0 6.7 0.0 6.7 93.3 0.0 0.0 93.3 43.8 66.7 6.7 0.0 6.2 12.5 0.0 5.9 6.2 6.2 6.2 0.0 25.0 7.1 66.7 0.0 0.0 6.7 0.0 0.0 6.2 0.0 0.0 0.0 0.0 0.0 0.0 0.0 0.0 0.0 0.0 0.0 0.0 78.6 26.7 6.7 6.7 0.0 0.0 0.0 0.0 0.0 0.0 0.0 0.0 0.0 0.0 0.0 0.0 0.0 33.3 0.0 0.0 0.0 0.0 0.0 0.0 0.0 20.0 0.0 80.0  Mem(used): 19968.1 MB out of 193068.3 MB
2022-06-09 11:24: CPU: 0.0 0.0 6.7 6.7 0.0 6.7 0.0 6.7 0.0 0.0 0.0 :100.0 0.0 46.7 0.0 93.8 6.7 0.0 :100.0 0.0 56.2 6.7 0.0 5.9 6.7 6.7 0.0 6.7 0.0 40.0 0.0 33.3 13.3 60.0 0.0 6.7 0.0 6.2 0.0 0.0 0.0 0.0 0.0 0.0 0.0 7.1 0.0 0.0 0.0 10.0 0.0 0.0 64.3 0.0 26.7 0.0 0.0 0.0 0.0 0.0 0.0 0.0 6.2 6.2 6.2 0.0 0.0 0.0 0.0 0.0 0.0 0.0 0.0 0.0 12.5 0.0 0.0 0.0 0.0 73.3  Mem(used): 19976.4 MB out of 193068.3 MB
2022-06-09 11:24: CPU: 0.0 0.0 6.7 0.0 0.0 6.7 6.2 0.0 11.8 6.7 0.0 :100.0 64.0 7.1 0.0 93.3 0.0 7.1 :100.0 50.0 0.0 68.8 6.7 0.0 0.0 0.0 33.3 6.7 6.2 6.7 6.7 37.5 12.5 6.7 0.0 6.7 56.2 0.0 6.7 0.0 0.0 6.2 0.0 0.0 0.0 0.0 17.6 0.0 0.0 0.0 6.7 0.0 68.8 0.0 50.0 0.0 0.0 0.0 0.0 0.0 0.0 0.0 0.0 0.0 0.0 0.0 0.0 0.0 6.7 35.7 0.0 0.0 6.7 0.0 6.7 0.0 0.0 6.7 0.0 6.2  Mem(used): 19974.5 MB out of 193068.3 MB
2022-06-09 11:24: CPU: 0.0 0.0 35.7 6.7 0.0 6.7 36.4 6.2 6.7 0.0 0.0 :100.0 6.7 0.0 0.0 6.2 0.0 6.7 0.0 0.0 0.0 0.0 81.2 0.0 0.0 0.0 0.0 0.0 6.7 6.2 12.5 0.0 33.3 6.7 0.0 0.0 0.0 6.7 0.0 0.0 0.0 0.0 0.0 0.0 0.0 0.0 0.0 6.2 0.0 0.0 12.5 0.0 75.0 0.0 26.7 0.0 0.0 :100.0 :100.0 0.0 0.0 0.0 0.0 0.0 0.0 0.0 60.0 0.0 0.0 0.0 0.0 33.3 0.0 0.0 0.0 0.0 56.2 0.0 0.0 0.0  Mem(used): 19966.4 MB out of 193068.3 MB
2022-06-09 11:24: CPU: 20.0 93.3 0.0 46.7 6.2 0.0 6.2 0.0 0.0 0.0 34.8 :100.0 6.7 6.7 0.0 0.0 0.0 6.7 0.0 0.0 0.0 6.7 6.2 6.7 60.0 6.7 20.0 0.0 6.2 0.0 0.0 0.0 0.0 0.0 0.0 6.7 6.2 0.0 33.3 0.0 0.0 0.0 0.0 0.0 0.0 0.0 0.0 0.0 0.0 7.1 6.7 0.0 53.3 0.0 33.3 0.0 0.0 6.2 :100.0 0.0 0.0 0.0 0.0 0.0 6.2 0.0 0.0 43.8 0.0 0.0 0.0 33.3 6.7 0.0 12.5 6.7 0.0 0.0 20.0 0.0  Mem(used): 19973.0 MB out of 193068.3 MB
2022-06-09 11:24: CPU: 0.0 :100.0 0.0 25.0 0.0 6.2 0.0 0.0 60.0 0.0 0.0 :100.0 0.0 0.0 6.7 12.5 6.7 0.0 0.0 0.0 60.0 0.0 0.0 0.0 0.0 0.0 80.0 12.5 6.7 0.0 0.0 0.0 26.7 0.0 6.2 0.0 0.0 6.2 0.0 0.0 7.1 6.2 12.5 0.0 0.0 0.0 0.0 0.0 0.0 12.5 47.4 0.0 35.7 6.7 0.0 42.9 0.0 0.0 46.7 0.0 0.0 6.7 0.0 0.0 0.0 0.0 0.0 0.0 0.0 0.0 0.0 31.2 6.7 53.3 0.0 0.0 0.0 0.0 0.0 6.7  Mem(used): 19968.0 MB out of 193068.3 MB
2022-06-09 11:24: CPU: 0.0 58.8 6.7 0.0 0.0 6.7 0.0 0.0 12.5 0.0 53.3 0.0 12.5 0.0 6.2 0.0 0.0 0.0 7.1 :100.0 0.0 0.0 0.0 0.0 0.0 6.7 0.0 78.6 0.0 6.7 7.1 0.0 43.8 6.7 6.7 0.0 6.2 0.0 0.0 6.7 0.0 0.0 0.0 0.0 93.3 0.0 0.0 0.0 0.0 45.5 0.0 :100.0 6.2 0.0 0.0 40.0 0.0 0.0 0.0 0.0 53.3 0.0 0.0 0.0 0.0 0.0 0.0 0.0 0.0 0.0 0.0 40.0 0.0 60.0 0.0 6.2 0.0 0.0 0.0 0.0  Mem(used): 19973.8 MB out of 193068.3 MB
2022-06-09 11:24: CPU: 0.0 31.2 5.9 0.0 0.0 93.8 0.0 0.0 0.0 0.0 0.0 0.0 6.7 26.3 12.5 12.5 0.0 6.7 0.0 :100.0 6.2 0.0 12.5 0.0 6.2 0.0 0.0 11.8 0.0 0.0 53.3 6.7 12.5 6.7 0.0 6.2 6.7 0.0 6.7 0.0 0.0 0.0 6.2 0.0 0.0 0.0 0.0 0.0 0.0 18.2 7.1 :100.0 6.2 0.0 7.1 53.3 26.7 0.0 6.7 0.0 0.0 52.9 0.0 0.0 0.0 0.0 0.0 0.0 0.0 0.0 0.0 28.6 31.2 40.0 0.0 0.0 0.0 0.0 0.0 0.0  Mem(used): 19972.4 MB out of 193068.3 MB
2022-06-09 11:24: CPU: 0.0 0.0 6.2 0.0 0.0 0.0 50.0 0.0 16.7 0.0 0.0 0.0 22.2 6.2 0.0 12.5 6.7 6.7 0.0 :100.0 0.0 0.0 6.7 0.0 0.0 0.0 12.5 0.0 0.0 0.0 0.0 0.0 0.0 0.0 6.7 0.0 0.0 0.0 0.0 6.2 6.7 0.0 0.0 0.0 0.0 0.0 0.0 0.0 40.0 66.7 25.0 :100.0 42.1 0.0 11.1 0.0 0.0 50.0 26.7 0.0 13.3 26.7 33.3 0.0 0.0 6.7 6.2 0.0 0.0 0.0 6.2 87.5 20.0 43.8 40.0 0.0 0.0 0.0 6.7 0.0  Mem(used): 19966.9 MB out of 193068.3 MB
2022-06-09 11:24: CPU: 0.0 0.0 7.1 7.1 0.0 6.7 46.7 6.7 0.0 6.7 0.0 0.0 0.0 7.1 0.0 6.2 6.2 0.0 11.8 :100.0 0.0 0.0 6.7 0.0 0.0 0.0 6.7 6.7 6.7 6.7 0.0 26.7 33.3 13.3 20.0 0.0 6.7 0.0 0.0 6.2 6.2 0.0 0.0 0.0 0.0 0.0 0.0 0.0 11.8 81.2 0.0 :100.0 7.1 31.8 45.5 0.0 18.8 53.3 13.3 0.0 6.7 6.7 60.0 0.0 0.0 0.0 0.0 0.0 0.0 0.0 0.0 0.0 0.0 0.0 12.5 53.3 0.0 0.0 0.0 0.0  Mem(used): 19967.9 MB out of 193068.3 MB
2022-06-09 11:24: CPU: 33.3 6.2 13.3 0.0 0.0 0.0 33.3 0.0 0.0 11.8 0.0 0.0 0.0 6.2 7.1 6.7 0.0 7.1 6.2 46.7 0.0 6.2 6.7 20.0 18.8 6.2 0.0 0.0 0.0 0.0 0.0 7.1 0.0 0.0 33.3 0.0 0.0 0.0 0.0 6.2 53.3 0.0 0.0 0.0 0.0 0.0 0.0 0.0 0.0 0.0 93.3 93.8 0.0 6.2 0.0 0.0 6.2 0.0 0.0 0.0 6.7 6.7 5.9 37.5 0.0 0.0 0.0 0.0 0.0 0.0 0.0 0.0 35.7 37.5 0.0 53.3 0.0 0.0 0.0 0.0  Mem(used): 19968.0 MB out of 193068.3 MB
2022-06-09 11:24: CPU: 46.7 0.0 46.7 6.2 0.0 6.7 25.0 0.0 0.0 0.0 0.0 0.0 7.1 12.5 0.0 12.5 0.0 0.0 0.0 0.0 0.0 6.7 13.3 6.7 7.1 0.0 11.8 0.0 0.0 0.0 0.0 0.0 33.3 0.0 35.7 43.8 0.0 6.7 0.0 12.5 0.0 0.0 0.0 0.0 0.0 0.0 0.0 0.0 0.0 0.0 93.3 :100.0 15.8 0.0 0.0 0.0 0.0 0.0 0.0 60.0 0.0 0.0 13.3 0.0 0.0 53.3 0.0 0.0 26.3 0.0 0.0 0.0 5.9 50.0 0.0 0.0 7.1 0.0 6.7 0.0  Mem(used): 19969.2 MB out of 193068.3 MB
2022-06-09 11:24: CPU: 0.0 0.0 0.0 0.0 35.7 53.3 13.3 46.7 0.0 0.0 0.0 0.0 0.0 0.0 0.0 0.0 6.2 0.0 0.0 0.0 6.2 17.6 16.7 18.8 7.1 0.0 0.0 0.0 0.0 0.0 0.0 0.0 6.7 26.7 33.3 78.6 20.0 58.8 6.7 17.6 0.0 0.0 0.0 0.0 0.0 0.0 0.0 0.0 0.0 11.1 93.3 :100.0 0.0 6.2 43.8 0.0 0.0 0.0 0.0 :100.0 6.2 0.0 6.2 0.0 0.0 68.8 0.0 6.2 0.0 0.0 0.0 0.0 0.0 0.0 0.0 0.0 0.0 0.0 0.0 6.2  Mem(used): 19977.1 MB out of 193068.3 MB
2022-06-09 11:25: CPU: 0.0 93.3 6.7 0.0 31.2 0.0 6.7 62.5 60.0 0.0 7.7 0.0 13.3 6.7 0.0 0.0 0.0 0.0 6.7 0.0 0.0 6.2 0.0 13.3 0.0 0.0 0.0 0.0 62.5 0.0 0.0 0.0 6.2 35.7 33.3 0.0 6.7 60.0 0.0 6.7 0.0 0.0 0.0 0.0 0.0 0.0 0.0 0.0 0.0 0.0 18.8 :100.0 12.5 0.0 0.0 0.0 57.1 0.0 0.0 :100.0 80.0 0.0 6.7 0.0 0.0 6.2 0.0 0.0 0.0 0.0 0.0 0.0 0.0 0.0 0.0 0.0 0.0 0.0 0.0 0.0  Mem(used): 19979.2 MB out of 193068.3 MB
2022-06-09 11:25: CPU: 0.0 6.2 0.0 0.0 46.7 6.2 0.0 0.0 7.1 0.0 0.0 0.0 46.7 0.0 6.7 6.7 6.2 0.0 6.7 0.0 0.0 13.3 6.7 7.1 6.7 0.0 6.2 0.0 0.0 18.8 66.7 0.0 0.0 43.8 0.0 0.0 6.7 6.2 0.0 33.3 0.0 0.0 85.7 0.0 0.0 0.0 0.0 0.0 0.0 0.0 62.5 :100.0 0.0 6.2 0.0 0.0 0.0 0.0 0.0 60.0 93.8 18.8 13.3 0.0 0.0 0.0 0.0 0.0 0.0 0.0 0.0 0.0 0.0 0.0 26.7 6.2 0.0 0.0 0.0 0.0  Mem(used): 19992.7 MB out of 193068.3 MB
2022-06-09 11:25: CPU: 12.5 0.0 :100.0 0.0 7.1 6.7 6.2 0.0 53.3 0.0 0.0 0.0 50.0 6.7 0.0 0.0 6.7 0.0 6.7 0.0 0.0 :100.0 7.1 56.2 0.0 0.0 0.0 0.0 0.0 0.0 0.0 60.0 0.0 33.3 0.0 6.2 0.0 11.8 0.0 0.0 6.7 0.0 0.0 0.0 40.0 0.0 0.0 0.0 0.0 0.0 0.0 :100.0 10.0 0.0 0.0 0.0 0.0 0.0 0.0 26.7 0.0 0.0 6.7 6.7 0.0 0.0 0.0 0.0 0.0 0.0 0.0 0.0 0.0 0.0 26.7 0.0 0.0 0.0 0.0 0.0  Mem(used): 19996.7 MB out of 193068.3 MB
2022-06-09 11:25: CPU: 0.0 0.0 37.5 86.7 0.0 25.0 0.0 0.0 62.5 0.0 0.0 0.0 43.8 0.0 0.0 6.7 0.0 6.2 0.0 0.0 0.0 86.7 6.7 60.0 11.8 12.5 6.2 0.0 0.0 0.0 0.0 35.3 0.0 20.0 33.3 0.0 12.5 0.0 0.0 6.7 12.5 0.0 0.0 0.0 0.0 0.0 0.0 0.0 0.0 7.1 0.0 :100.0 60.9 0.0 0.0 0.0 0.0 0.0 0.0 46.7 0.0 0.0 7.1 0.0 0.0 0.0 0.0 0.0 6.7 0.0 0.0 42.9 0.0 0.0 0.0 0.0 0.0 0.0 0.0 0.0  Mem(used): 19991.4 MB out of 193068.3 MB
2022-06-09 11:25: CPU: 0.0 6.7 37.5 0.0 0.0 92.9 60.0 0.0 33.3 33.3 6.2 0.0 0.0 6.7 0.0 6.2 0.0 6.7 0.0 6.2 0.0 80.0 6.7 62.5 0.0 12.5 11.8 0.0 6.7 0.0 0.0 0.0 0.0 40.0 33.3 0.0 6.2 6.2 0.0 12.5 6.7 0.0 0.0 0.0 0.0 0.0 0.0 0.0 7.4 7.1 6.7 :100.0 0.0 0.0 0.0 0.0 0.0 0.0 0.0 93.3 0.0 0.0 0.0 6.2 0.0 0.0 0.0 0.0 0.0 0.0 0.0 68.8 12.5 0.0 0.0 0.0 6.2 0.0 0.0 0.0  Mem(used): 19993.0 MB out of 193068.3 MB
2022-06-09 11:25: CPU: 0.0 6.7 40.0 0.0 0.0 0.0 87.5 33.3 0.0 0.0 56.2 0.0 6.2 6.7 13.3 6.2 0.0 0.0 6.2 0.0 0.0 0.0 0.0 0.0 60.0 0.0 6.2 0.0 86.7 0.0 0.0 6.7 6.7 0.0 28.6 0.0 0.0 7.1 0.0 0.0 0.0 6.7 0.0 0.0 0.0 0.0 0.0 0.0 0.0 0.0 6.7 :100.0 14.3 8.3 0.0 6.2 0.0 0.0 0.0 :100.0 0.0 0.0 6.7 12.5 0.0 0.0 0.0 0.0 0.0 0.0 0.0 6.7 66.7 46.7 0.0 0.0 0.0 0.0 0.0 0.0  Mem(used): 19993.9 MB out of 193068.3 MB
2022-06-09 11:25: CPU: 0.0 18.8 50.0 6.7 0.0 0.0 86.7 46.7 0.0 0.0 21.4 0.0 6.7 18.8 0.0 0.0 6.7 11.8 0.0 86.7 0.0 0.0 6.2 0.0 50.0 0.0 0.0 12.5 :100.0 0.0 0.0 0.0 0.0 64.7 6.7 6.2 0.0 0.0 6.2 0.0 0.0 0.0 0.0 0.0 0.0 0.0 0.0 0.0 0.0 25.0 33.3 :100.0 0.0 0.0 0.0 6.7 0.0 0.0 0.0 0.0 0.0 0.0 0.0 0.0 0.0 6.2 0.0 0.0 0.0 0.0 0.0 0.0 0.0 35.7 28.6 0.0 0.0 0.0 0.0 0.0  Mem(used): 19991.0 MB out of 193068.3 MB
2022-06-09 11:25: CPU: 0.0 12.5 6.7 26.7 6.2 6.7 62.5 :100.0 0.0 0.0 0.0 0.0 12.5 6.7 6.2 26.3 0.0 25.0 33.3 42.9 0.0 0.0 0.0 6.2 73.3 6.7 0.0 0.0 93.3 6.2 20.0 0.0 0.0 0.0 6.7 6.2 6.7 0.0 0.0 0.0 0.0 0.0 0.0 0.0 0.0 0.0 0.0 0.0 0.0 0.0 60.0 :100.0 0.0 17.6 0.0 22.2 0.0 0.0 12.5 0.0 0.0 0.0 0.0 0.0 0.0 66.7 0.0 0.0 0.0 0.0 0.0 0.0 0.0 25.0 26.7 0.0 0.0 0.0 0.0 0.0  Mem(used): 20006.9 MB out of 193068.3 MB
2022-06-09 11:25: CPU: 0.0 0.0 0.0 40.0 0.0 6.7 50.0 86.7 6.7 7.1 0.0 0.0 13.3 6.2 6.7 0.0 0.0 45.8 68.8 46.7 0.0 0.0 0.0 6.2 0.0 80.0 0.0 0.0 93.8 0.0 6.7 6.2 0.0 0.0 0.0 0.0 6.2 0.0 0.0 0.0 0.0 0.0 0.0 0.0 0.0 0.0 0.0 0.0 0.0 0.0 0.0 :100.0 0.0 12.5 0.0 0.0 0.0 0.0 0.0 0.0 0.0 0.0 0.0 0.0 0.0 68.8 0.0 0.0 0.0 0.0 0.0 0.0 0.0 33.3 28.6 0.0 0.0 0.0 0.0 0.0  Mem(used): 20009.4 MB out of 193068.3 MB
2022-06-09 11:25: CPU: 66.7 0.0 6.7 50.0 0.0 6.7 0.0 0.0 93.3 0.0 6.2 0.0 7.1 0.0 6.7 0.0 6.7 0.0 0.0 31.2 0.0 0.0 0.0 6.7 6.2 66.7 7.1 6.7 93.8 0.0 6.7 0.0 0.0 0.0 0.0 0.0 0.0 6.7 0.0 6.2 0.0 0.0 0.0 0.0 0.0 0.0 31.2 0.0 0.0 9.1 0.0 :100.0 6.7 0.0 0.0 0.0 0.0 0.0 0.0 0.0 0.0 0.0 0.0 25.0 0.0 75.0 0.0 0.0 0.0 0.0 0.0 0.0 0.0 42.9 26.7 0.0 0.0 0.0 0.0 0.0  Mem(used): 20012.0 MB out of 193068.3 MB
2022-06-09 11:25: CPU: 0.0 0.0 0.0 0.0 0.0 0.0 33.3 0.0 31.2 0.0 0.0 0.0 0.0 0.0 6.7 0.0 0.0 0.0 0.0 0.0 0.0 20.0 0.0 0.0 0.0 0.0 0.0 0.0 12.5 0.0 0.0 0.0 0.0 0.0 20.0 0.0 35.7 0.0 0.0 0.0 0.0 0.0 0.0 0.0 0.0 6.7 0.0 0.0 0.0 0.0 0.0 93.3 0.0 0.0 0.0 0.0 12.5 0.0 0.0 :100.0 0.0 0.0 6.2 6.7 0.0 0.0 0.0 0.0 0.0 0.0 0.0 93.3 0.0 0.0 13.3 0.0 20.0 0.0 6.7 0.0  Mem(used): 20009.7 MB out of 193068.3 MB
2022-06-09 11:25: CPU: 0.0 0.0 0.0 0.0 0.0 0.0 0.0 0.0 0.0 0.0 6.7 0.0 0.0 0.0 0.0 0.0 0.0 0.0 0.0 0.0 0.0 0.0 0.0 0.0 0.0 0.0 7.1 6.7 0.0 0.0 0.0 0.0 0.0 6.2 7.1 0.0 0.0 6.7 0.0 0.0 0.0 0.0 6.2 0.0 0.0 0.0 0.0 0.0 0.0 0.0 0.0 93.3 0.0 0.0 0.0 0.0 0.0 0.0 6.7 0.0 0.0 0.0 0.0 0.0 0.0 0.0 0.0 0.0 0.0 62.5 0.0 80.0 6.7 0.0 20.0 0.0 0.0 0.0 0.0 0.0  Mem(used): 20075.0 MB out of 193068.3 MB
2022-06-09 11:25: CPU: 20.0 6.7 0.0 0.0 0.0 0.0 20.0 0.0 0.0 0.0 0.0 0.0 13.3 :100.0 21.4 0.0 6.2 0.0 0.0 0.0 6.2 37.5 6.7 0.0 0.0 0.0 0.0 0.0 0.0 0.0 6.7 0.0 0.0 0.0 0.0 0.0 0.0 0.0 0.0 64.3 0.0 0.0 0.0 0.0 0.0 0.0 0.0 0.0 6.7 0.0 0.0 0.0 0.0 0.0 0.0 0.0 13.3 0.0 0.0 0.0 0.0 0.0 6.7 0.0 0.0 0.0 0.0 0.0 0.0 6.7 0.0 81.2 0.0 0.0 33.3 0.0 33.3 0.0 0.0 0.0  Mem(used): 20137.2 MB out of 193068.3 MB
2022-06-09 11:25: CPU: 0.0 0.0 6.2 0.0 0.0 0.0 0.0 0.0 0.0 0.0 0.0 0.0 0.0 0.0 0.0 0.0 0.0 0.0 0.0 0.0 6.2 0.0 0.0 0.0 0.0 0.0 0.0 0.0 0.0 0.0 0.0 0.0 0.0 0.0 43.8 73.3 0.0 6.7 0.0 0.0 0.0 0.0 0.0 0.0 0.0 0.0 0.0 0.0 0.0 0.0 0.0 0.0 6.7 0.0 :100.0 0.0 0.0 0.0 0.0 0.0 0.0 0.0 6.2 0.0 0.0 0.0 0.0 0.0 0.0 0.0 0.0 0.0 6.7 0.0 0.0 13.3 0.0 0.0 0.0 68.8  Mem(used): 20187.5 MB out of 193068.3 MB
2022-06-09 11:25: CPU: 0.0 0.0 0.0 0.0 0.0 13.3 0.0 0.0 0.0 0.0 0.0 0.0 0.0 0.0 0.0 0.0 0.0 6.7 0.0 0.0 0.0 0.0 0.0 0.0 0.0 0.0 0.0 0.0 0.0 0.0 0.0 6.2 0.0 0.0 0.0 0.0 0.0 0.0 0.0 0.0 0.0 0.0 0.0 0.0 0.0 6.7 0.0 0.0 0.0 0.0 0.0 0.0 0.0 0.0 :100.0 13.3 0.0 0.0 0.0 6.2 0.0 0.0 0.0 0.0 0.0 0.0 0.0 0.0 0.0 0.0 6.7 0.0 6.7 0.0 37.5 81.2 0.0 0.0 6.2 66.7  Mem(used): 20254.4 MB out of 193068.3 MB
2022-06-09 11:25: CPU: 6.7 0.0 0.0 0.0 0.0 0.0 0.0 0.0 0.0 0.0 0.0 0.0 0.0 0.0 :100.0 0.0 0.0 0.0 0.0 0.0 0.0 0.0 0.0 0.0 0.0 0.0 0.0 0.0 6.7 0.0 0.0 0.0 0.0 0.0 40.0 81.2 25.0 0.0 0.0 0.0 0.0 0.0 0.0 0.0 0.0 0.0 0.0 0.0 0.0 0.0 0.0 0.0 0.0 0.0 0.0 0.0 0.0 0.0 0.0 6.2 0.0 0.0 6.2 0.0 0.0 0.0 6.2 0.0 0.0 0.0 0.0 0.0 0.0 0.0 0.0 0.0 40.0 0.0 0.0 0.0  Mem(used): 20323.1 MB out of 193068.3 MB
2022-06-09 11:25: CPU: 0.0 0.0 0.0 0.0 0.0 0.0 0.0 0.0 0.0 0.0 0.0 0.0 0.0 0.0 :100.0 0.0 6.2 0.0 0.0 0.0 0.0 0.0 6.2 0.0 0.0 0.0 0.0 0.0 0.0 6.2 6.2 0.0 0.0 0.0 0.0 0.0 35.7 0.0 0.0 6.2 0.0 0.0 0.0 0.0 0.0 0.0 0.0 0.0 0.0 0.0 0.0 0.0 0.0 0.0 0.0 0.0 0.0 0.0 0.0 0.0 0.0 0.0 0.0 0.0 0.0 0.0 0.0 0.0 0.0 0.0 0.0 0.0 6.7 0.0 33.3 87.5 31.2 0.0 0.0 0.0  Mem(used): 20391.4 MB out of 193068.3 MB
2022-06-09 11:25: CPU: 6.7 56.2 0.0 0.0 0.0 0.0 0.0 0.0 0.0 0.0 0.0 0.0 0.0 0.0 0.0 0.0 0.0 0.0 0.0 0.0 0.0 0.0 6.2 0.0 0.0 0.0 0.0 0.0 0.0 0.0 0.0 0.0 0.0 0.0 0.0 0.0 46.7 0.0 0.0 0.0 0.0 40.0 0.0 0.0 0.0 0.0 0.0 0.0 6.2 0.0 0.0 6.2 0.0 6.7 0.0 0.0 0.0 6.2 0.0 0.0 0.0 0.0 0.0 6.7 0.0 0.0 0.0 0.0 0.0 0.0 0.0 0.0 0.0 0.0 40.0 68.8 18.8 0.0 0.0 0.0  Mem(used): 20516.5 MB out of 193068.3 MB
2022-06-09 11:25: CPU: 0.0 46.7 0.0 0.0 0.0 0.0 0.0 0.0 0.0 0.0 0.0 0.0 0.0 0.0 0.0 0.0 0.0 0.0 0.0 0.0 86.7 0.0 6.7 6.7 0.0 0.0 6.2 0.0 5.9 0.0 0.0 0.0 0.0 0.0 0.0 0.0 0.0 0.0 0.0 0.0 0.0 50.0 0.0 0.0 0.0 0.0 6.7 0.0 0.0 0.0 6.2 0.0 0.0 0.0 0.0 0.0 0.0 0.0 0.0 0.0 0.0 0.0 0.0 0.0 0.0 0.0 0.0 0.0 6.2 0.0 0.0 0.0 0.0 0.0 40.0 0.0 0.0 62.5 0.0 0.0  Mem(used): 20603.5 MB out of 193068.3 MB
2022-06-09 11:25: CPU: 0.0 93.3 0.0 0.0 0.0 0.0 0.0 0.0 0.0 0.0 0.0 0.0 0.0 0.0 0.0 0.0 0.0 0.0 0.0 0.0 0.0 0.0 0.0 6.7 0.0 0.0 14.3 6.7 0.0 0.0 0.0 0.0 0.0 0.0 0.0 0.0 0.0 0.0 0.0 0.0 0.0 0.0 0.0 0.0 0.0 0.0 0.0 0.0 0.0 0.0 6.7 6.2 0.0 0.0 0.0 6.7 0.0 0.0 0.0 0.0 85.7 0.0 6.7 0.0 0.0 0.0 53.3 37.5 0.0 0.0 0.0 0.0 0.0 0.0 0.0 0.0 0.0 0.0 0.0 0.0  Mem(used): 20671.0 MB out of 193068.3 MB
2022-06-09 11:25: CPU: 0.0 :100.0 0.0 0.0 6.7 0.0 0.0 0.0 0.0 0.0 0.0 0.0 0.0 0.0 0.0 0.0 0.0 0.0 0.0 0.0 0.0 86.7 6.7 0.0 0.0 0.0 0.0 0.0 37.5 0.0 0.0 0.0 0.0 0.0 0.0 0.0 6.7 20.0 0.0 0.0 0.0 0.0 0.0 0.0 0.0 0.0 0.0 0.0 0.0 0.0 0.0 0.0 0.0 0.0 0.0 0.0 0.0 0.0 0.0 0.0 6.7 0.0 0.0 0.0 0.0 0.0 0.0 66.7 0.0 0.0 6.2 0.0 0.0 0.0 0.0 0.0 0.0 0.0 0.0 0.0  Mem(used): 20746.5 MB out of 193068.3 MB
2022-06-09 11:25: CPU: 0.0 87.5 0.0 0.0 0.0 0.0 0.0 0.0 0.0 0.0 0.0 0.0 0.0 0.0 0.0 0.0 0.0 0.0 0.0 0.0 0.0 0.0 11.8 6.7 0.0 0.0 0.0 0.0 0.0 66.7 28.6 0.0 6.2 0.0 0.0 0.0 0.0 0.0 0.0 0.0 0.0 0.0 0.0 0.0 0.0 0.0 6.2 0.0 0.0 0.0 6.7 0.0 0.0 0.0 0.0 0.0 0.0 0.0 0.0 0.0 0.0 86.7 0.0 0.0 0.0 0.0 0.0 0.0 0.0 0.0 0.0 0.0 0.0 0.0 0.0 0.0 0.0 0.0 0.0 0.0  Mem(used): 20811.0 MB out of 193068.3 MB
2022-06-09 11:25: CPU: 0.0 0.0 0.0 0.0 0.0 0.0 0.0 0.0 0.0 0.0 0.0 0.0 0.0 0.0 0.0 0.0 0.0 :100.0 0.0 0.0 0.0 86.7 0.0 0.0 0.0 5.9 6.7 0.0 0.0 53.3 6.7 0.0 0.0 0.0 0.0 0.0 0.0 0.0 0.0 0.0 0.0 0.0 0.0 0.0 0.0 0.0 0.0 0.0 6.7 0.0 0.0 0.0 0.0 0.0 0.0 0.0 0.0 0.0 0.0 0.0 0.0 0.0 13.3 6.7 0.0 6.2 0.0 0.0 0.0 12.5 26.7 0.0 0.0 0.0 0.0 0.0 0.0 0.0 0.0 0.0  Mem(used): 20888.6 MB out of 193068.3 MB
2022-06-09 11:25: CPU: 0.0 0.0 0.0 0.0 0.0 6.7 0.0 0.0 0.0 0.0 6.7 0.0 0.0 66.7 46.7 0.0 0.0 6.7 43.8 18.8 6.2 0.0 0.0 31.2 0.0 7.1 6.7 0.0 20.0 20.0 13.3 0.0 0.0 0.0 14.3 0.0 0.0 0.0 0.0 0.0 0.0 0.0 0.0 0.0 0.0 0.0 0.0 0.0 0.0 0.0 6.2 0.0 0.0 6.7 0.0 0.0 0.0 0.0 0.0 13.3 0.0 6.7 0.0 50.0 0.0 0.0 0.0 7.1 6.7 13.3 0.0 0.0 0.0 0.0 26.7 0.0 0.0 0.0 0.0 6.7  Mem(used): 20282.9 MB out of 193068.3 MB
2022-06-09 11:25: CPU: 0.0 0.0 0.0 0.0 0.0 0.0 0.0 0.0 0.0 0.0 6.7 0.0 0.0 0.0 0.0 0.0 0.0 0.0 0.0 0.0 0.0 0.0 0.0 6.2 0.0 0.0 0.0 6.2 0.0 0.0 0.0 0.0 0.0 0.0 80.0 6.7 0.0 0.0 0.0 0.0 0.0 0.0 0.0 0.0 0.0 0.0 0.0 0.0 0.0 0.0 6.2 0.0 0.0 0.0 0.0 0.0 0.0 0.0 :100.0 0.0 0.0 5.9 0.0 0.0 0.0 68.8 0.0 11.8 33.3 0.0 0.0 0.0 0.0 0.0 0.0 0.0 0.0 0.0 0.0 0.0  Mem(used): 20329.8 MB out of 193068.3 MB
2022-06-09 11:25: CPU: 0.0 0.0 0.0 0.0 0.0 0.0 0.0 0.0 0.0 0.0 0.0 0.0 0.0 0.0 0.0 0.0 0.0 0.0 0.0 0.0 0.0 0.0 0.0 0.0 0.0 0.0 0.0 0.0 0.0 0.0 0.0 0.0 0.0 0.0 0.0 0.0 0.0 0.0 0.0 6.2 0.0 0.0 0.0 0.0 0.0 0.0 0.0 0.0 0.0 0.0 7.1 0.0 0.0 0.0 0.0 0.0 0.0 0.0 87.5 0.0 0.0 6.2 0.0 0.0 0.0 0.0 0.0 12.5 68.8 33.3 6.2 0.0 0.0 0.0 80.0 6.2 0.0 0.0 0.0 0.0  Mem(used): 20396.7 MB out of 193068.3 MB
2022-06-09 11:25: CPU: 0.0 0.0 0.0 0.0 0.0 0.0 :100.0 0.0 0.0 0.0 0.0 0.0 0.0 0.0 0.0 0.0 0.0 0.0 0.0 0.0 0.0 43.8 0.0 20.0 0.0 0.0 0.0 6.7 0.0 40.0 0.0 0.0 0.0 0.0 75.0 0.0 0.0 0.0 0.0 0.0 0.0 0.0 0.0 0.0 0.0 0.0 0.0 0.0 0.0 0.0 0.0 0.0 0.0 0.0 0.0 0.0 0.0 0.0 0.0 0.0 0.0 0.0 0.0 0.0 0.0 0.0 0.0 6.7 0.0 0.0 0.0 0.0 0.0 0.0 0.0 0.0 0.0 0.0 0.0 0.0  Mem(used): 20280.5 MB out of 193068.3 MB
2022-06-09 11:25: CPU: 0.0 0.0 0.0 0.0 0.0 0.0 93.3 0.0 0.0 0.0 0.0 0.0 0.0 0.0 0.0 0.0 0.0 0.0 0.0 0.0 0.0 0.0 0.0 0.0 0.0 6.7 0.0 0.0 0.0 13.3 0.0 26.7 0.0 0.0 0.0 0.0 0.0 0.0 0.0 0.0 0.0 0.0 0.0 0.0 0.0 0.0 0.0 0.0 0.0 0.0 0.0 0.0 0.0 0.0 0.0 0.0 0.0 0.0 0.0 0.0 0.0 0.0 0.0 0.0 0.0 0.0 :100.0 7.1 0.0 14.3 0.0 0.0 0.0 0.0 6.7 68.8 0.0 0.0 6.2 12.5  Mem(used): 20310.3 MB out of 193068.3 MB
2022-06-09 11:25: CPU: 0.0 0.0 6.2 0.0 0.0 0.0 0.0 0.0 0.0 0.0 0.0 0.0 6.7 0.0 0.0 0.0 0.0 0.0 0.0 0.0 21.1 0.0 0.0 0.0 0.0 0.0 0.0 26.7 0.0 0.0 0.0 0.0 0.0 0.0 0.0 0.0 0.0 0.0 0.0 6.7 0.0 0.0 0.0 0.0 0.0 0.0 :100.0 0.0 0.0 0.0 0.0 0.0 0.0 0.0 0.0 0.0 0.0 0.0 0.0 0.0 0.0 0.0 0.0 0.0 0.0 0.0 6.2 31.2 0.0 7.1 0.0 0.0 0.0 33.3 0.0 0.0 86.7 0.0 0.0 0.0  Mem(used): 20375.3 MB out of 193068.3 MB
2022-06-09 11:25: CPU: 0.0 0.0 0.0 0.0 0.0 0.0 60.0 0.0 0.0 0.0 0.0 0.0 0.0 0.0 0.0 0.0 0.0 0.0 0.0 0.0 0.0 0.0 0.0 0.0 21.1 0.0 0.0 0.0 0.0 0.0 0.0 0.0 26.7 33.3 0.0 0.0 0.0 0.0 0.0 87.5 0.0 0.0 0.0 0.0 0.0 0.0 37.5 0.0 0.0 0.0 0.0 0.0 0.0 0.0 0.0 0.0 0.0 0.0 0.0 0.0 12.5 0.0 0.0 0.0 6.7 0.0 0.0 6.2 0.0 0.0 0.0 0.0 37.5 0.0 0.0 0.0 0.0 6.2 0.0 0.0  Mem(used): 20445.7 MB out of 193068.3 MB
2022-06-09 11:25: CPU: 0.0 0.0 0.0 0.0 0.0 6.2 93.3 0.0 0.0 0.0 0.0 0.0 0.0 0.0 0.0 0.0 0.0 0.0 0.0 0.0 0.0 0.0 0.0 0.0 0.0 17.6 0.0 0.0 0.0 0.0 25.0 0.0 0.0 0.0 0.0 0.0 0.0 0.0 0.0 0.0 0.0 0.0 0.0 0.0 0.0 0.0 0.0 0.0 0.0 0.0 0.0 0.0 0.0 0.0 0.0 0.0 0.0 0.0 0.0 0.0 13.3 0.0 37.5 42.9 0.0 0.0 0.0 6.7 0.0 0.0 43.8 0.0 0.0 40.0 0.0 0.0 0.0 0.0 0.0 0.0  Mem(used): 20525.1 MB out of 193068.3 MB
2022-06-09 11:25: CPU: 0.0 0.0 0.0 0.0 0.0 0.0 :100.0 0.0 0.0 0.0 0.0 0.0 0.0 0.0 0.0 0.0 0.0 0.0 0.0 0.0 6.7 0.0 6.7 0.0 0.0 0.0 0.0 7.1 68.8 0.0 6.2 0.0 50.0 0.0 6.2 0.0 0.0 0.0 0.0 0.0 0.0 0.0 6.7 0.0 0.0 0.0 0.0 0.0 0.0 0.0 0.0 5.9 0.0 0.0 0.0 0.0 0.0 0.0 0.0 0.0 6.7 0.0 0.0 0.0 0.0 0.0 17.6 0.0 0.0 0.0 0.0 0.0 13.3 35.7 0.0 0.0 6.2 0.0 0.0 0.0  Mem(used): 20603.3 MB out of 193068.3 MB
2022-06-09 11:25: CPU: 0.0 0.0 0.0 6.2 6.7 0.0 :100.0 0.0 0.0 0.0 0.0 0.0 0.0 0.0 0.0 0.0 0.0 0.0 0.0 0.0 6.7 0.0 0.0 0.0 0.0 0.0 11.8 12.5 12.5 53.3 0.0 0.0 0.0 0.0 31.2 0.0 6.7 0.0 0.0 0.0 0.0 0.0 0.0 0.0 0.0 0.0 0.0 0.0 0.0 0.0 0.0 0.0 0.0 0.0 0.0 0.0 0.0 0.0 0.0 0.0 0.0 0.0 13.3 0.0 0.0 0.0 0.0 0.0 0.0 13.3 75.0 0.0 0.0 17.6 11.8 0.0 0.0 0.0 0.0 5.9  Mem(used): 20680.5 MB out of 193068.3 MB
2022-06-09 11:25: CPU: 0.0 0.0 0.0 0.0 0.0 0.0 0.0 0.0 :100.0 0.0 0.0 0.0 0.0 0.0 0.0 0.0 0.0 0.0 0.0 0.0 6.7 0.0 0.0 0.0 0.0 0.0 11.8 11.8 17.6 0.0 81.2 0.0 0.0 0.0 0.0 0.0 0.0 0.0 0.0 0.0 0.0 0.0 0.0 7.1 0.0 0.0 0.0 0.0 0.0 0.0 0.0 0.0 6.2 0.0 0.0 0.0 0.0 0.0 0.0 0.0 0.0 0.0 0.0 0.0 0.0 0.0 11.8 0.0 0.0 0.0 6.2 0.0 0.0 0.0 37.5 60.0 0.0 0.0 0.0 0.0  Mem(used): 20597.1 MB out of 193068.3 MB
2022-06-09 11:25: CPU: 0.0 0.0 0.0 0.0 0.0 0.0 0.0 0.0 0.0 0.0 0.0 0.0 0.0 0.0 0.0 0.0 0.0 0.0 0.0 :100.0 6.7 0.0 0.0 0.0 0.0 0.0 0.0 12.5 17.6 0.0 86.7 0.0 0.0 0.0 37.5 0.0 33.3 0.0 0.0 0.0 0.0 0.0 0.0 0.0 0.0 0.0 0.0 0.0 0.0 0.0 0.0 0.0 0.0 0.0 0.0 0.0 0.0 0.0 0.0 0.0 0.0 0.0 0.0 0.0 0.0 0.0 0.0 0.0 0.0 0.0 0.0 6.2 0.0 0.0 0.0 0.0 26.7 0.0 0.0 0.0  Mem(used): 20659.7 MB out of 193068.3 MB
2022-06-09 11:25: CPU: 0.0 0.0 0.0 0.0 0.0 0.0 0.0 0.0 0.0 0.0 0.0 6.2 0.0 0.0 0.0 0.0 0.0 0.0 0.0 0.0 0.0 0.0 26.7 0.0 0.0 0.0 6.7 50.0 12.5 0.0 81.2 0.0 0.0 0.0 0.0 0.0 0.0 0.0 0.0 0.0 0.0 0.0 0.0 0.0 0.0 0.0 0.0 0.0 0.0 0.0 0.0 0.0 0.0 0.0 :100.0 0.0 0.0 6.7 0.0 0.0 0.0 0.0 0.0 0.0 0.0 0.0 0.0 0.0 0.0 0.0 0.0 0.0 0.0 16.7 37.5 0.0 0.0 0.0 0.0 0.0  Mem(used): 20702.2 MB out of 193068.3 MB
2022-06-09 11:25: CPU: 0.0 0.0 0.0 0.0 0.0 0.0 0.0 0.0 0.0 0.0 0.0 0.0 18.8 0.0 0.0 0.0 0.0 0.0 0.0 0.0 13.3 6.7 0.0 0.0 0.0 0.0 0.0 0.0 14.3 0.0 62.5 5.9 0.0 0.0 0.0 0.0 0.0 0.0 0.0 0.0 0.0 0.0 0.0 0.0 0.0 0.0 0.0 0.0 0.0 0.0 0.0 0.0 0.0 0.0 :100.0 0.0 0.0 0.0 0.0 0.0 0.0 0.0 0.0 0.0 0.0 0.0 40.0 0.0 56.2 6.2 0.0 0.0 6.2 0.0 0.0 6.2 0.0 0.0 0.0 0.0  Mem(used): 20263.4 MB out of 193068.3 MB
2022-06-09 11:25: CPU: 0.0 0.0 6.7 0.0 0.0 0.0 0.0 0.0 0.0 0.0 0.0 0.0 0.0 0.0 88.2 0.0 0.0 0.0 0.0 0.0 0.0 6.7 6.7 6.2 0.0 0.0 21.4 0.0 6.7 0.0 0.0 0.0 0.0 0.0 0.0 0.0 0.0 0.0 0.0 6.2 0.0 0.0 0.0 0.0 0.0 0.0 0.0 0.0 0.0 0.0 0.0 0.0 0.0 0.0 0.0 0.0 0.0 0.0 0.0 0.0 0.0 0.0 6.7 0.0 0.0 0.0 18.8 6.2 0.0 6.2 0.0 68.8 6.7 0.0 0.0 66.7 0.0 0.0 0.0 0.0  Mem(used): 20328.6 MB out of 193068.3 MB
2022-06-09 11:25: CPU: 0.0 0.0 0.0 0.0 0.0 0.0 0.0 0.0 0.0 0.0 0.0 0.0 0.0 0.0 0.0 0.0 0.0 0.0 0.0 6.2 35.7 6.7 0.0 0.0 0.0 0.0 0.0 0.0 0.0 0.0 6.2 0.0 0.0 0.0 0.0 0.0 0.0 0.0 33.3 0.0 0.0 0.0 0.0 0.0 0.0 0.0 0.0 0.0 0.0 0.0 0.0 0.0 0.0 0.0 93.3 0.0 0.0 0.0 0.0 50.0 21.4 0.0 0.0 0.0 0.0 0.0 20.0 46.7 0.0 0.0 0.0 0.0 73.3 6.2 0.0 0.0 0.0 0.0 0.0 0.0  Mem(used): 20390.7 MB out of 193068.3 MB
2022-06-09 11:25: CPU: 0.0 0.0 0.0 0.0 0.0 0.0 0.0 0.0 0.0 0.0 0.0 0.0 0.0 0.0 0.0 0.0 0.0 0.0 0.0 0.0 6.2 6.7 0.0 0.0 6.7 0.0 6.7 0.0 0.0 0.0 6.2 0.0 0.0 6.7 0.0 86.7 0.0 0.0 0.0 0.0 0.0 0.0 6.2 0.0 0.0 0.0 0.0 0.0 0.0 0.0 0.0 0.0 0.0 0.0 93.3 0.0 0.0 0.0 0.0 0.0 0.0 0.0 6.2 0.0 0.0 0.0 0.0 0.0 0.0 0.0 0.0 0.0 0.0 0.0 0.0 0.0 0.0 0.0 37.5 66.7  Mem(used): 20447.8 MB out of 193068.3 MB
2022-06-09 11:25: CPU: 0.0 0.0 0.0 0.0 0.0 0.0 0.0 0.0 0.0 0.0 0.0 0.0 0.0 0.0 0.0 0.0 0.0 0.0 0.0 0.0 0.0 0.0 0.0 0.0 0.0 0.0 0.0 0.0 0.0 0.0 0.0 0.0 18.8 0.0 0.0 0.0 0.0 0.0 13.3 0.0 0.0 0.0 0.0 0.0 0.0 0.0 0.0 0.0 0.0 0.0 0.0 0.0 0.0 0.0 93.3 0.0 0.0 0.0 0.0 6.2 0.0 0.0 0.0 0.0 0.0 0.0 0.0 6.2 0.0 0.0 0.0 0.0 50.0 6.2 0.0 0.0 0.0 87.5 26.7 0.0  Mem(used): 20502.9 MB out of 193068.3 MB
2022-06-09 11:25: CPU: 0.0 0.0 6.7 0.0 0.0 0.0 0.0 0.0 0.0 0.0 0.0 0.0 0.0 0.0 0.0 0.0 0.0 0.0 0.0 0.0 85.7 0.0 13.3 0.0 0.0 0.0 0.0 0.0 6.2 6.2 6.7 0.0 6.7 0.0 0.0 0.0 0.0 0.0 26.7 0.0 0.0 0.0 0.0 0.0 0.0 0.0 0.0 0.0 0.0 0.0 0.0 0.0 0.0 0.0 93.8 0.0 0.0 0.0 0.0 0.0 0.0 6.2 6.7 0.0 0.0 0.0 0.0 0.0 0.0 0.0 0.0 35.7 0.0 6.7 5.9 0.0 0.0 0.0 7.1 0.0  Mem(used): 20411.8 MB out of 193068.3 MB
2022-06-09 11:25: CPU: 0.0 0.0 0.0 0.0 0.0 0.0 93.8 0.0 0.0 0.0 0.0 6.2 0.0 0.0 0.0 0.0 0.0 0.0 0.0 0.0 0.0 0.0 6.2 0.0 0.0 0.0 6.2 6.7 0.0 0.0 6.2 0.0 0.0 6.2 0.0 0.0 0.0 0.0 6.7 0.0 0.0 0.0 0.0 0.0 0.0 0.0 0.0 0.0 0.0 0.0 0.0 0.0 0.0 0.0 0.0 0.0 0.0 0.0 0.0 0.0 0.0 80.0 0.0 0.0 0.0 0.0 0.0 0.0 60.0 0.0 6.2 0.0 0.0 12.5 0.0 0.0 0.0 0.0 25.0 0.0  Mem(used): 20444.9 MB out of 193068.3 MB
2022-06-09 11:25: CPU: 0.0 0.0 0.0 0.0 0.0 0.0 0.0 0.0 0.0 0.0 0.0 0.0 0.0 0.0 0.0 0.0 0.0 0.0 0.0 0.0 0.0 14.3 25.0 0.0 0.0 0.0 6.2 0.0 6.7 0.0 0.0 0.0 6.7 6.7 6.2 0.0 0.0 0.0 33.3 0.0 0.0 0.0 0.0 0.0 0.0 0.0 :100.0 0.0 0.0 0.0 0.0 0.0 0.0 0.0 0.0 0.0 0.0 0.0 0.0 0.0 0.0 46.7 0.0 0.0 0.0 0.0 0.0 0.0 0.0 0.0 0.0 0.0 0.0 0.0 6.7 0.0 0.0 73.3 0.0 0.0  Mem(used): 20516.5 MB out of 193068.3 MB
2022-06-09 11:25: CPU: 0.0 0.0 0.0 0.0 0.0 68.8 31.2 0.0 0.0 0.0 0.0 0.0 0.0 0.0 0.0 0.0 6.7 0.0 0.0 0.0 0.0 87.5 0.0 0.0 0.0 0.0 0.0 0.0 62.5 0.0 0.0 0.0 0.0 6.2 0.0 0.0 0.0 6.2 33.3 0.0 0.0 0.0 0.0 0.0 0.0 0.0 0.0 0.0 0.0 0.0 0.0 0.0 0.0 0.0 0.0 0.0 0.0 0.0 0.0 0.0 0.0 0.0 0.0 0.0 6.7 0.0 0.0 6.2 12.5 0.0 0.0 0.0 0.0 0.0 0.0 6.2 0.0 0.0 0.0 0.0  Mem(used): 20396.3 MB out of 193068.3 MB
2022-06-09 11:25: CPU: 20.0 0.0 0.0 0.0 0.0 0.0 73.3 0.0 0.0 0.0 0.0 6.7 0.0 0.0 0.0 0.0 0.0 0.0 6.7 0.0 0.0 0.0 0.0 0.0 0.0 0.0 0.0 0.0 0.0 0.0 0.0 0.0 0.0 0.0 0.0 0.0 0.0 0.0 0.0 0.0 0.0 0.0 0.0 0.0 0.0 0.0 0.0 0.0 0.0 0.0 0.0 0.0 0.0 0.0 0.0 0.0 0.0 7.1 0.0 0.0 0.0 0.0 0.0 0.0 0.0 0.0 0.0 0.0 0.0 0.0 0.0 0.0 6.7 0.0 0.0 0.0 0.0 0.0 0.0 0.0  Mem(used): 20276.6 MB out of 193068.3 MB
2022-06-09 11:25: CPU: 0.0 0.0 0.0 0.0 0.0 0.0 0.0 0.0 0.0 0.0 0.0 0.0 0.0 0.0 0.0 0.0 0.0 0.0 0.0 0.0 0.0 0.0 0.0 0.0 0.0 0.0 0.0 0.0 12.5 0.0 6.2 0.0 0.0 0.0 0.0 0.0 0.0 0.0 0.0 0.0 0.0 0.0 0.0 0.0 0.0 0.0 0.0 0.0 0.0 0.0 0.0 :100.0 0.0 0.0 0.0 0.0 0.0 0.0 0.0 0.0 0.0 0.0 0.0 0.0 0.0 0.0 0.0 5.9 0.0 0.0 0.0 0.0 0.0 0.0 0.0 0.0 0.0 0.0 0.0 0.0  Mem(used): 20141.5 MB out of 193068.3 MB
2022-06-09 11:25: CPU: 6.2 13.3 6.2 6.2 0.0 0.0 0.0 0.0 0.0 0.0 0.0 0.0 0.0 0.0 0.0 0.0 0.0 0.0 0.0 0.0 0.0 0.0 0.0 0.0 0.0 0.0 27.8 0.0 17.6 0.0 6.2 0.0 0.0 0.0 0.0 0.0 0.0 0.0 0.0 0.0 0.0 13.3 0.0 0.0 0.0 0.0 0.0 0.0 0.0 0.0 0.0 :100.0 0.0 0.0 6.7 6.7 0.0 0.0 0.0 0.0 0.0 0.0 0.0 0.0 0.0 0.0 0.0 0.0 0.0 0.0 0.0 0.0 0.0 0.0 0.0 0.0 0.0 0.0 0.0 0.0  Mem(used): 20137.4 MB out of 193068.3 MB
2022-06-09 11:26: CPU: 0.0 0.0 0.0 0.0 0.0 13.3 0.0 0.0 0.0 0.0 0.0 0.0 0.0 0.0 0.0 0.0 0.0 0.0 0.0 0.0 0.0 0.0 0.0 0.0 0.0 0.0 11.8 0.0 5.9 6.7 0.0 0.0 0.0 0.0 0.0 0.0 0.0 0.0 0.0 0.0 0.0 0.0 0.0 0.0 0.0 0.0 0.0 0.0 0.0 0.0 0.0 93.3 0.0 0.0 0.0 17.6 0.0 0.0 0.0 0.0 0.0 0.0 0.0 0.0 0.0 0.0 0.0 0.0 0.0 0.0 0.0 0.0 0.0 0.0 0.0 0.0 0.0 0.0 0.0 0.0  Mem(used): 20136.9 MB out of 193068.3 MB
2022-06-09 11:26: CPU: 0.0 0.0 0.0 0.0 0.0 0.0 0.0 0.0 0.0 0.0 0.0 93.3 0.0 0.0 0.0 0.0 0.0 0.0 0.0 0.0 0.0 0.0 0.0 0.0 0.0 0.0 0.0 0.0 0.0 0.0 0.0 0.0 0.0 0.0 0.0 0.0 0.0 0.0 0.0 0.0 0.0 0.0 0.0 0.0 0.0 0.0 0.0 0.0 0.0 0.0 0.0 0.0 0.0 0.0 0.0 0.0 0.0 0.0 0.0 0.0 0.0 0.0 0.0 0.0 0.0 0.0 0.0 0.0 6.2 6.2 0.0 0.0 0.0 0.0 0.0 0.0 0.0 0.0 0.0 0.0  Mem(used): 19997.9 MB out of 193068.3 MB
2022-06-09 11:26: CPU: 0.0 0.0 0.0 0.0 0.0 0.0 0.0 0.0 0.0 0.0 0.0 0.0 0.0 0.0 0.0 0.0 0.0 0.0 0.0 0.0 0.0 0.0 0.0 0.0 0.0 0.0 0.0 0.0 0.0 0.0 6.2 0.0 0.0 0.0 0.0 0.0 0.0 0.0 0.0 0.0 0.0 0.0 0.0 0.0 0.0 0.0 0.0 0.0 0.0 0.0 0.0 0.0 6.2 0.0 0.0 0.0 0.0 93.8 0.0 0.0 0.0 0.0 0.0 0.0 0.0 0.0 0.0 0.0 0.0 0.0 0.0 0.0 0.0 0.0 0.0 0.0 0.0 0.0 0.0 0.0  Mem(used): 19996.8 MB out of 193068.3 MB
2022-06-09 11:26: CPU: 0.0 0.0 0.0 0.0 0.0 0.0 0.0 0.0 0.0 0.0 0.0 0.0 0.0 0.0 0.0 0.0 0.0 0.0 0.0 0.0 0.0 0.0 0.0 0.0 0.0 0.0 0.0 0.0 0.0 0.0 0.0 0.0 0.0 6.2 0.0 0.0 0.0 0.0 0.0 0.0 0.0 0.0 0.0 0.0 0.0 0.0 0.0 0.0 0.0 0.0 0.0 0.0 0.0 0.0 :100.0 0.0 0.0 0.0 0.0 0.0 0.0 0.0 0.0 0.0 0.0 0.0 0.0 0.0 0.0 0.0 12.5 6.2 0.0 0.0 0.0 0.0 0.0 0.0 0.0 0.0  Mem(used): 20000.1 MB out of 193068.3 MB
2022-06-09 11:26: CPU: 0.0 0.0 0.0 0.0 0.0 0.0 0.0 0.0 0.0 0.0 0.0 0.0 0.0 0.0 93.3 0.0 0.0 0.0 0.0 0.0 0.0 0.0 0.0 0.0 0.0 0.0 0.0 0.0 0.0 0.0 6.2 0.0 0.0 0.0 0.0 0.0 0.0 0.0 0.0 0.0 0.0 0.0 0.0 0.0 0.0 0.0 0.0 0.0 0.0 0.0 0.0 0.0 0.0 0.0 0.0 0.0 0.0 0.0 0.0 0.0 0.0 0.0 0.0 0.0 0.0 0.0 6.7 0.0 0.0 0.0 0.0 0.0 0.0 0.0 0.0 0.0 0.0 0.0 0.0 0.0  Mem(used): 19942.9 MB out of 193068.3 MB
2022-06-09 11:26: CPU: 0.0 0.0 0.0 0.0 0.0 0.0 0.0 0.0 0.0 0.0 0.0 0.0 0.0 0.0 0.0 0.0 0.0 0.0 0.0 0.0 0.0 0.0 0.0 0.0 0.0 0.0 0.0 6.7 0.0 0.0 0.0 0.0 0.0 0.0 0.0 0.0 0.0 0.0 0.0 0.0 0.0 0.0 0.0 0.0 0.0 0.0 0.0 0.0 0.0 0.0 0.0 0.0 0.0 0.0 :100.0 0.0 0.0 0.0 0.0 0.0 0.0 0.0 0.0 0.0 0.0 0.0 0.0 0.0 0.0 0.0 0.0 0.0 0.0 0.0 0.0 0.0 0.0 0.0 0.0 0.0  Mem(used): 19942.4 MB out of 193068.3 MB
2022-06-09 11:26: CPU: 0.0 0.0 0.0 0.0 0.0 0.0 0.0 0.0 53.3 0.0 0.0 0.0 20.0 0.0 0.0 0.0 0.0 0.0 0.0 6.2 0.0 0.0 0.0 0.0 0.0 0.0 0.0 0.0 0.0 0.0 25.0 6.2 0.0 0.0 0.0 0.0 0.0 0.0 75.0 0.0 0.0 0.0 0.0 0.0 0.0 0.0 0.0 0.0 0.0 0.0 0.0 0.0 0.0 0.0 93.8 0.0 0.0 0.0 0.0 31.2 0.0 0.0 0.0 0.0 0.0 0.0 0.0 0.0 0.0 0.0 0.0 0.0 0.0 0.0 0.0 0.0 0.0 0.0 7.1 0.0  Mem(used): 19940.1 MB out of 193068.3 MB
2022-06-09 11:26: CPU: 0.0 0.0 0.0 0.0 0.0 0.0 0.0 0.0 0.0 0.0 0.0 0.0 0.0 0.0 0.0 0.0 0.0 0.0 0.0 0.0 0.0 0.0 0.0 0.0 0.0 0.0 0.0 0.0 0.0 0.0 0.0 0.0 0.0 0.0 0.0 0.0 0.0 0.0 0.0 0.0 6.7 6.2 0.0 0.0 0.0 0.0 93.8 0.0 0.0 0.0 0.0 0.0 0.0 0.0 0.0 0.0 0.0 0.0 0.0 0.0 0.0 0.0 0.0 0.0 0.0 0.0 0.0 0.0 0.0 0.0 0.0 0.0 0.0 0.0 0.0 0.0 0.0 0.0 0.0 0.0  Mem(used): 19938.8 MB out of 193068.3 MB
2022-06-09 11:26: CPU: 0.0 0.0 0.0 0.0 0.0 0.0 0.0 0.0 0.0 0.0 0.0 0.0 0.0 50.0 0.0 0.0 0.0 0.0 0.0 0.0 0.0 0.0 0.0 0.0 6.7 0.0 6.2 6.7 0.0 0.0 14.3 0.0 0.0 0.0 0.0 0.0 6.7 0.0 6.7 0.0 0.0 0.0 0.0 0.0 0.0 0.0 :100.0 0.0 0.0 0.0 0.0 0.0 0.0 0.0 0.0 0.0 0.0 0.0 31.2 0.0 0.0 0.0 0.0 0.0 0.0 0.0 0.0 0.0 0.0 0.0 0.0 0.0 0.0 0.0 0.0 0.0 0.0 0.0 46.7 0.0  Mem(used): 19940.9 MB out of 193068.3 MB
2022-06-09 11:26: CPU: 0.0 0.0 0.0 0.0 0.0 0.0 :100.0 0.0 0.0 0.0 0.0 0.0 0.0 0.0 0.0 0.0 0.0 0.0 0.0 0.0 0.0 0.0 0.0 0.0 0.0 0.0 0.0 6.7 0.0 0.0 0.0 0.0 0.0 0.0 0.0 0.0 6.7 0.0 0.0 0.0 0.0 0.0 0.0 0.0 0.0 0.0 0.0 0.0 0.0 0.0 0.0 0.0 0.0 6.7 0.0 0.0 0.0 0.0 0.0 0.0 0.0 0.0 0.0 0.0 0.0 0.0 0.0 0.0 0.0 0.0 0.0 0.0 0.0 0.0 6.7 0.0 0.0 0.0 0.0 0.0  Mem(used): 19940.1 MB out of 193068.3 MB
2022-06-09 11:26: CPU: 0.0 0.0 0.0 0.0 0.0 0.0 93.8 0.0 0.0 0.0 0.0 0.0 0.0 0.0 0.0 0.0 0.0 0.0 0.0 0.0 0.0 0.0 0.0 0.0 6.2 0.0 0.0 0.0 0.0 0.0 0.0 0.0 0.0 0.0 0.0 0.0 0.0 0.0 0.0 0.0 0.0 6.2 0.0 6.2 0.0 0.0 0.0 0.0 0.0 0.0 0.0 0.0 0.0 0.0 6.7 0.0 0.0 0.0 0.0 0.0 0.0 0.0 0.0 0.0 0.0 0.0 0.0 0.0 0.0 0.0 0.0 0.0 0.0 0.0 0.0 0.0 0.0 0.0 0.0 0.0  Mem(used): 19940.6 MB out of 193068.3 MB
2022-06-09 11:26: CPU: 0.0 0.0 0.0 0.0 0.0 0.0 0.0 0.0 13.3 0.0 0.0 0.0 0.0 13.3 6.7 0.0 0.0 0.0 :100.0 0.0 0.0 0.0 0.0 0.0 0.0 0.0 6.7 0.0 6.7 6.2 13.3 0.0 0.0 0.0 0.0 0.0 0.0 0.0 0.0 0.0 0.0 0.0 0.0 0.0 0.0 :100.0 0.0 0.0 0.0 0.0 0.0 0.0 0.0 13.3 0.0 0.0 6.2 0.0 0.0 0.0 0.0 0.0 0.0 0.0 0.0 0.0 0.0 0.0 0.0 0.0 20.0 0.0 0.0 0.0 0.0 0.0 0.0 0.0 0.0 0.0  Mem(used): 19937.6 MB out of 193068.3 MB
2022-06-09 11:26: CPU: 0.0 0.0 0.0 0.0 0.0 0.0 0.0 0.0 0.0 0.0 0.0 0.0 0.0 0.0 0.0 0.0 0.0 0.0 0.0 0.0 0.0 0.0 0.0 0.0 0.0 0.0 0.0 0.0 6.7 0.0 0.0 0.0 0.0 0.0 0.0 0.0 0.0 0.0 0.0 0.0 0.0 0.0 0.0 0.0 0.0 94.1 0.0 0.0 0.0 0.0 0.0 0.0 0.0 0.0 6.7 0.0 0.0 0.0 0.0 0.0 0.0 0.0 0.0 0.0 0.0 0.0 0.0 6.2 0.0 0.0 0.0 0.0 0.0 0.0 0.0 0.0 0.0 0.0 0.0 0.0  Mem(used): 19938.4 MB out of 193068.3 MB
2022-06-09 11:26: CPU: 0.0 0.0 0.0 0.0 0.0 0.0 0.0 0.0 0.0 0.0 0.0 0.0 0.0 0.0 0.0 6.2 0.0 0.0 0.0 0.0 0.0 0.0 0.0 0.0 0.0 0.0 0.0 0.0 6.2 0.0 0.0 0.0 0.0 0.0 0.0 0.0 0.0 0.0 0.0 0.0 0.0 0.0 0.0 0.0 0.0 93.8 0.0 0.0 0.0 0.0 0.0 0.0 0.0 0.0 0.0 0.0 0.0 0.0 0.0 0.0 0.0 0.0 0.0 0.0 0.0 0.0 17.6 0.0 0.0 0.0 0.0 0.0 0.0 0.0 0.0 0.0 0.0 11.1 0.0 0.0  Mem(used): 19942.1 MB out of 193068.3 MB
2022-06-09 11:26: CPU: 0.0 0.0 0.0 0.0 0.0 0.0 0.0 0.0 0.0 0.0 0.0 0.0 0.0 0.0 0.0 0.0 0.0 0.0 0.0 0.0 0.0 0.0 0.0 0.0 0.0 0.0 22.2 0.0 6.2 0.0 0.0 0.0 0.0 0.0 0.0 0.0 0.0 0.0 0.0 0.0 0.0 0.0 0.0 0.0 0.0 :100.0 0.0 0.0 0.0 0.0 0.0 0.0 0.0 0.0 0.0 0.0 0.0 0.0 0.0 0.0 0.0 0.0 0.0 0.0 0.0 0.0 17.6 0.0 0.0 0.0 0.0 0.0 0.0 0.0 0.0 0.0 0.0 0.0 0.0 0.0  Mem(used): 19940.8 MB out of 193068.3 MB
2022-06-09 11:26: CPU: 0.0 0.0 0.0 0.0 0.0 :100.0 0.0 0.0 0.0 0.0 0.0 0.0 0.0 0.0 0.0 6.2 0.0 0.0 0.0 0.0 0.0 0.0 0.0 0.0 0.0 0.0 13.3 0.0 6.2 0.0 0.0 6.2 0.0 0.0 12.5 0.0 0.0 0.0 0.0 0.0 0.0 0.0 0.0 0.0 0.0 0.0 0.0 0.0 0.0 0.0 0.0 0.0 0.0 0.0 0.0 0.0 0.0 0.0 0.0 0.0 0.0 0.0 0.0 0.0 0.0 0.0 0.0 0.0 0.0 0.0 0.0 6.7 0.0 0.0 0.0 0.0 0.0 0.0 0.0 0.0  Mem(used): 19939.9 MB out of 193068.3 MB
2022-06-09 11:26: CPU: 0.0 0.0 0.0 0.0 0.0 0.0 0.0 0.0 0.0 0.0 0.0 0.0 0.0 0.0 0.0 0.0 0.0 6.7 0.0 0.0 0.0 0.0 0.0 0.0 0.0 0.0 7.1 0.0 0.0 0.0 0.0 0.0 0.0 6.7 0.0 0.0 0.0 0.0 0.0 0.0 0.0 0.0 0.0 0.0 0.0 0.0 0.0 0.0 0.0 0.0 0.0 0.0 0.0 0.0 0.0 0.0 0.0 0.0 0.0 93.3 0.0 0.0 0.0 0.0 0.0 0.0 0.0 0.0 0.0 0.0 0.0 0.0 0.0 0.0 0.0 0.0 0.0 0.0 0.0 0.0  Mem(used): 19943.6 MB out of 193068.3 MB
2022-06-09 11:26: CPU: 0.0 0.0 0.0 0.0 0.0 0.0 0.0 0.0 0.0 0.0 0.0 0.0 0.0 0.0 0.0 0.0 0.0 6.2 0.0 93.3 0.0 0.0 0.0 0.0 0.0 0.0 0.0 0.0 0.0 0.0 0.0 0.0 0.0 6.7 0.0 0.0 0.0 0.0 0.0 0.0 6.2 0.0 0.0 0.0 0.0 0.0 0.0 0.0 0.0 0.0 0.0 0.0 0.0 0.0 0.0 0.0 0.0 0.0 0.0 0.0 0.0 0.0 0.0 0.0 0.0 0.0 0.0 0.0 0.0 0.0 0.0 0.0 0.0 0.0 0.0 0.0 0.0 0.0 0.0 0.0  Mem(used): 19940.9 MB out of 193068.3 MB
2022-06-09 11:26: CPU: 0.0 0.0 0.0 0.0 0.0 0.0 0.0 0.0 0.0 0.0 0.0 0.0 0.0 0.0 0.0 0.0 0.0 0.0 0.0 93.8 0.0 0.0 0.0 0.0 0.0 0.0 0.0 0.0 0.0 0.0 0.0 0.0 0.0 0.0 0.0 0.0 0.0 0.0 0.0 0.0 0.0 0.0 0.0 0.0 0.0 0.0 0.0 0.0 0.0 0.0 0.0 0.0 0.0 0.0 0.0 0.0 0.0 6.2 0.0 0.0 0.0 0.0 0.0 0.0 12.5 0.0 0.0 0.0 0.0 0.0 0.0 0.0 0.0 0.0 0.0 0.0 0.0 0.0 0.0 0.0  Mem(used): 19941.6 MB out of 193068.3 MB
2022-06-09 11:26: CPU: 0.0 0.0 0.0 0.0 0.0 0.0 0.0 0.0 25.0 0.0 0.0 0.0 57.1 0.0 0.0 26.7 0.0 0.0 12.5 0.0 0.0 0.0 0.0 0.0 0.0 0.0 0.0 0.0 0.0 0.0 0.0 0.0 13.3 0.0 0.0 0.0 0.0 0.0 53.3 0.0 0.0 0.0 0.0 0.0 0.0 0.0 0.0 0.0 0.0 0.0 0.0 6.2 0.0 0.0 0.0 0.0 0.0 6.2 0.0 40.0 0.0 0.0 0.0 0.0 6.7 0.0 0.0 6.2 0.0 0.0 0.0 0.0 0.0 0.0 0.0 0.0 0.0 0.0 0.0 0.0  Mem(used): 19941.7 MB out of 193068.3 MB
2022-06-09 11:26: CPU: 0.0 0.0 0.0 0.0 0.0 0.0 0.0 0.0 0.0 0.0 0.0 0.0 :100.0 0.0 0.0 0.0 0.0 0.0 0.0 0.0 0.0 0.0 0.0 0.0 0.0 0.0 0.0 0.0 0.0 0.0 0.0 0.0 0.0 0.0 0.0 0.0 0.0 0.0 0.0 0.0 0.0 0.0 0.0 0.0 0.0 0.0 0.0 0.0 0.0 0.0 0.0 0.0 0.0 0.0 0.0 0.0 0.0 0.0 0.0 0.0 0.0 0.0 0.0 0.0 6.7 0.0 0.0 0.0 0.0 0.0 0.0 0.0 0.0 0.0 0.0 0.0 0.0 0.0 6.7 0.0  Mem(used): 19939.6 MB out of 193068.3 MB
2022-06-09 11:26: CPU: 0.0 0.0 0.0 0.0 0.0 0.0 0.0 0.0 0.0 6.7 0.0 0.0 0.0 0.0 0.0 0.0 0.0 0.0 0.0 0.0 0.0 0.0 0.0 0.0 0.0 0.0 0.0 0.0 0.0 0.0 0.0 0.0 0.0 0.0 0.0 0.0 11.8 0.0 0.0 0.0 6.2 0.0 0.0 0.0 0.0 0.0 0.0 0.0 0.0 0.0 0.0 0.0 93.8 0.0 0.0 0.0 0.0 0.0 0.0 0.0 0.0 0.0 0.0 0.0 0.0 0.0 0.0 0.0 0.0 0.0 0.0 0.0 0.0 6.2 0.0 0.0 0.0 0.0 6.2 0.0  Mem(used): 19943.3 MB out of 193068.3 MB
2022-06-09 11:26: CPU: 0.0 0.0 0.0 0.0 0.0 0.0 0.0 0.0 0.0 0.0 0.0 0.0 :100.0 0.0 0.0 0.0 0.0 0.0 0.0 0.0 0.0 0.0 0.0 0.0 0.0 0.0 0.0 0.0 0.0 0.0 0.0 0.0 0.0 0.0 0.0 0.0 0.0 0.0 0.0 0.0 0.0 0.0 0.0 0.0 0.0 0.0 0.0 0.0 0.0 0.0 0.0 0.0 0.0 0.0 0.0 0.0 0.0 0.0 0.0 0.0 0.0 0.0 0.0 0.0 0.0 0.0 0.0 0.0 0.0 0.0 0.0 0.0 0.0 0.0 0.0 0.0 0.0 0.0 0.0 6.2  Mem(used): 19937.7 MB out of 193068.3 MB
2022-06-09 11:26: CPU: 6.2 6.2 6.2 0.0 0.0 0.0 6.2 0.0 0.0 0.0 0.0 0.0 :100.0 0.0 0.0 0.0 0.0 0.0 6.2 0.0 0.0 0.0 0.0 0.0 0.0 6.7 11.8 0.0 0.0 6.2 6.7 0.0 0.0 0.0 0.0 6.2 0.0 0.0 0.0 0.0 0.0 0.0 0.0 6.2 0.0 0.0 6.2 0.0 0.0 0.0 0.0 0.0 0.0 0.0 0.0 0.0 0.0 6.2 0.0 0.0 6.2 0.0 0.0 0.0 0.0 0.0 0.0 0.0 0.0 0.0 0.0 0.0 0.0 0.0 0.0 0.0 0.0 0.0 0.0 0.0  Mem(used): 19938.9 MB out of 193068.3 MB
2022-06-09 11:26: CPU: 0.0 0.0 0.0 0.0 0.0 0.0 0.0 0.0 0.0 0.0 0.0 0.0 0.0 :100.0 6.2 0.0 0.0 0.0 0.0 0.0 0.0 0.0 0.0 0.0 0.0 0.0 0.0 0.0 0.0 0.0 0.0 0.0 0.0 0.0 0.0 0.0 0.0 0.0 0.0 0.0 0.0 0.0 0.0 0.0 0.0 0.0 0.0 0.0 0.0 0.0 0.0 0.0 0.0 0.0 0.0 0.0 0.0 0.0 0.0 0.0 0.0 0.0 0.0 0.0 0.0 0.0 0.0 0.0 0.0 0.0 0.0 0.0 0.0 0.0 0.0 0.0 0.0 0.0 0.0 0.0  Mem(used): 19940.4 MB out of 193068.3 MB
2022-06-09 11:26: CPU: 0.0 0.0 0.0 0.0 0.0 0.0 0.0 0.0 0.0 0.0 0.0 0.0 0.0 :100.0 0.0 0.0 0.0 0.0 0.0 0.0 0.0 0.0 0.0 0.0 0.0 0.0 0.0 0.0 0.0 0.0 0.0 6.2 0.0 0.0 0.0 0.0 0.0 0.0 0.0 0.0 0.0 0.0 0.0 0.0 0.0 0.0 0.0 0.0 0.0 0.0 0.0 0.0 0.0 0.0 0.0 0.0 0.0 0.0 0.0 0.0 0.0 0.0 0.0 6.2 0.0 0.0 0.0 0.0 0.0 0.0 0.0 0.0 0.0 0.0 0.0 0.0 0.0 0.0 0.0 0.0  Mem(used): 19941.4 MB out of 193068.3 MB
2022-06-09 11:26: CPU: 0.0 0.0 0.0 0.0 0.0 0.0 0.0 0.0 0.0 0.0 0.0 0.0 0.0 23.5 0.0 0.0 0.0 0.0 0.0 0.0 0.0 0.0 0.0 0.0 0.0 0.0 0.0 0.0 0.0 6.2 0.0 0.0 0.0 0.0 0.0 0.0 0.0 0.0 0.0 0.0 0.0 0.0 0.0 0.0 0.0 0.0 0.0 0.0 0.0 0.0 0.0 0.0 0.0 0.0 0.0 0.0 6.7 75.0 0.0 0.0 0.0 0.0 0.0 6.2 0.0 0.0 0.0 0.0 0.0 0.0 0.0 0.0 0.0 0.0 0.0 0.0 0.0 0.0 0.0 0.0  Mem(used): 19942.0 MB out of 193068.3 MB
2022-06-09 11:26: CPU: 0.0 0.0 0.0 0.0 0.0 0.0 0.0 0.0 0.0 0.0 0.0 0.0 0.0 0.0 0.0 0.0 0.0 0.0 0.0 0.0 0.0 0.0 0.0 0.0 0.0 0.0 0.0 0.0 6.2 0.0 0.0 0.0 0.0 0.0 0.0 0.0 0.0 0.0 0.0 0.0 0.0 0.0 0.0 0.0 0.0 0.0 0.0 0.0 0.0 0.0 0.0 6.7 0.0 0.0 0.0 0.0 0.0 6.7 88.2 0.0 0.0 0.0 0.0 0.0 6.2 0.0 0.0 0.0 0.0 0.0 0.0 0.0 0.0 0.0 0.0 0.0 0.0 0.0 0.0 0.0  Mem(used): 19943.5 MB out of 193068.3 MB
2022-06-09 11:26: CPU: 0.0 0.0 0.0 0.0 0.0 0.0 0.0 0.0 0.0 0.0 0.0 0.0 0.0 0.0 0.0 0.0 0.0 0.0 0.0 0.0 0.0 0.0 0.0 0.0 0.0 0.0 0.0 0.0 0.0 0.0 0.0 0.0 0.0 0.0 0.0 0.0 0.0 0.0 0.0 0.0 0.0 0.0 0.0 0.0 0.0 0.0 0.0 0.0 0.0 0.0 6.7 0.0 0.0 0.0 0.0 0.0 0.0 0.0 6.2 :100.0 0.0 0.0 0.0 0.0 0.0 0.0 6.7 6.2 0.0 12.5 0.0 0.0 0.0 0.0 0.0 0.0 0.0 0.0 0.0 0.0  Mem(used): 19941.3 MB out of 193068.3 MB
2022-06-09 11:26: CPU: 6.7 0.0 0.0 0.0 0.0 0.0 0.0 0.0 0.0 0.0 0.0 0.0 0.0 0.0 0.0 0.0 0.0 0.0 50.0 0.0 0.0 0.0 0.0 0.0 0.0 0.0 0.0 6.2 0.0 0.0 0.0 0.0 0.0 0.0 0.0 0.0 0.0 0.0 0.0 0.0 0.0 0.0 0.0 0.0 0.0 0.0 0.0 0.0 0.0 0.0 0.0 0.0 0.0 0.0 0.0 0.0 0.0 6.7 42.9 0.0 0.0 0.0 0.0 0.0 0.0 0.0 0.0 0.0 0.0 17.6 0.0 0.0 0.0 0.0 0.0 0.0 6.2 0.0 0.0 0.0  Mem(used): 19945.3 MB out of 193068.3 MB
2022-06-09 11:26: CPU: 26.7 0.0 0.0 0.0 0.0 0.0 6.2 0.0 6.7 0.0 0.0 0.0 0.0 0.0 16.7 40.0 0.0 0.0 0.0 0.0 0.0 0.0 0.0 17.6 0.0 0.0 0.0 0.0 0.0 0.0 0.0 0.0 31.2 6.7 0.0 0.0 0.0 0.0 0.0 6.2 62.5 0.0 0.0 0.0 0.0 0.0 0.0 0.0 0.0 0.0 0.0 0.0 0.0 0.0 0.0 6.7 0.0 0.0 12.5 6.7 0.0 0.0 0.0 0.0 0.0 0.0 57.1 0.0 0.0 0.0 0.0 0.0 0.0 0.0 0.0 0.0 6.2 0.0 0.0 0.0  Mem(used): 19943.9 MB out of 193068.3 MB
2022-06-09 11:26: CPU: 0.0 0.0 0.0 0.0 0.0 0.0 0.0 0.0 0.0 0.0 0.0 0.0 0.0 0.0 0.0 0.0 0.0 0.0 0.0 0.0 0.0 0.0 0.0 0.0 0.0 0.0 0.0 0.0 0.0 0.0 0.0 0.0 0.0 0.0 0.0 0.0 0.0 0.0 0.0 0.0 93.3 0.0 0.0 0.0 0.0 0.0 0.0 0.0 0.0 0.0 0.0 0.0 0.0 0.0 0.0 0.0 0.0 0.0 0.0 0.0 0.0 0.0 0.0 0.0 0.0 0.0 0.0 18.8 0.0 0.0 0.0 0.0 0.0 0.0 0.0 0.0 0.0 0.0 0.0 0.0  Mem(used): 19940.0 MB out of 193068.3 MB
2022-06-09 11:26: CPU: 0.0 0.0 0.0 0.0 0.0 0.0 0.0 0.0 0.0 0.0 0.0 0.0 92.9 0.0 0.0 0.0 0.0 0.0 0.0 0.0 0.0 0.0 0.0 0.0 0.0 0.0 0.0 0.0 0.0 0.0 0.0 0.0 0.0 6.2 0.0 0.0 0.0 0.0 0.0 6.2 0.0 0.0 0.0 0.0 0.0 0.0 0.0 0.0 0.0 0.0 0.0 0.0 0.0 0.0 0.0 0.0 0.0 0.0 6.2 0.0 6.2 0.0 0.0 0.0 0.0 0.0 0.0 0.0 0.0 0.0 0.0 0.0 0.0 0.0 0.0 0.0 0.0 0.0 0.0 0.0  Mem(used): 19944.9 MB out of 193068.3 MB
2022-06-09 11:26: CPU: 0.0 0.0 0.0 0.0 0.0 0.0 0.0 0.0 0.0 0.0 6.7 0.0 :100.0 0.0 0.0 0.0 0.0 0.0 0.0 0.0 0.0 0.0 0.0 0.0 0.0 0.0 0.0 0.0 0.0 0.0 0.0 0.0 0.0 0.0 0.0 6.2 0.0 0.0 0.0 6.2 0.0 0.0 0.0 0.0 0.0 0.0 0.0 0.0 0.0 0.0 6.2 0.0 0.0 0.0 0.0 0.0 0.0 0.0 6.7 0.0 0.0 0.0 0.0 0.0 0.0 0.0 0.0 0.0 0.0 0.0 0.0 0.0 0.0 0.0 0.0 0.0 0.0 0.0 0.0 0.0  Mem(used): 19944.1 MB out of 193068.3 MB
2022-06-09 11:26: CPU: 0.0 0.0 0.0 0.0 0.0 0.0 0.0 0.0 0.0 0.0 0.0 0.0 0.0 0.0 0.0 0.0 0.0 0.0 0.0 0.0 0.0 0.0 0.0 0.0 0.0 0.0 6.7 6.7 6.2 0.0 0.0 0.0 0.0 0.0 0.0 0.0 0.0 0.0 0.0 0.0 0.0 93.3 0.0 0.0 0.0 0.0 0.0 0.0 0.0 0.0 0.0 0.0 0.0 0.0 0.0 0.0 0.0 0.0 0.0 0.0 0.0 0.0 0.0 0.0 0.0 0.0 0.0 0.0 0.0 0.0 0.0 0.0 0.0 0.0 0.0 0.0 0.0 0.0 0.0 0.0  Mem(used): 19942.2 MB out of 193068.3 MB
2022-06-09 11:26: CPU: 6.7 0.0 0.0 0.0 0.0 0.0 0.0 0.0 0.0 0.0 0.0 0.0 0.0 0.0 0.0 0.0 0.0 0.0 0.0 0.0 0.0 0.0 0.0 0.0 0.0 0.0 0.0 0.0 0.0 0.0 0.0 0.0 0.0 0.0 0.0 0.0 0.0 0.0 0.0 0.0 0.0 :100.0 0.0 0.0 0.0 0.0 0.0 0.0 0.0 0.0 0.0 0.0 0.0 0.0 0.0 0.0 0.0 0.0 0.0 6.7 0.0 0.0 0.0 0.0 0.0 0.0 0.0 0.0 0.0 0.0 0.0 0.0 0.0 0.0 0.0 0.0 0.0 0.0 0.0 0.0  Mem(used): 19945.5 MB out of 193068.3 MB
2022-06-09 11:26: CPU: 0.0 0.0 0.0 0.0 0.0 0.0 0.0 0.0 0.0 0.0 0.0 0.0 0.0 0.0 0.0 0.0 0.0 0.0 0.0 0.0 0.0 0.0 0.0 0.0 0.0 0.0 0.0 6.7 0.0 0.0 0.0 0.0 0.0 0.0 0.0 0.0 0.0 0.0 0.0 0.0 6.2 0.0 :100.0 0.0 0.0 0.0 0.0 0.0 0.0 0.0 0.0 0.0 0.0 0.0 0.0 0.0 0.0 0.0 0.0 0.0 0.0 0.0 0.0 0.0 0.0 0.0 0.0 0.0 0.0 0.0 0.0 0.0 0.0 0.0 0.0 0.0 0.0 0.0 0.0 0.0  Mem(used): 19944.3 MB out of 193068.3 MB
2022-06-09 11:26: CPU: 0.0 0.0 93.3 0.0 0.0 0.0 0.0 0.0 0.0 0.0 0.0 0.0 0.0 0.0 0.0 0.0 0.0 0.0 0.0 0.0 0.0 0.0 0.0 0.0 0.0 0.0 0.0 0.0 0.0 0.0 0.0 0.0 0.0 0.0 0.0 0.0 0.0 0.0 0.0 0.0 0.0 6.2 0.0 0.0 0.0 0.0 0.0 0.0 0.0 0.0 0.0 0.0 0.0 0.0 0.0 0.0 0.0 0.0 0.0 0.0 0.0 0.0 0.0 0.0 0.0 0.0 0.0 0.0 0.0 0.0 0.0 0.0 0.0 0.0 0.0 0.0 0.0 0.0 0.0 0.0  Mem(used): 19946.6 MB out of 193068.3 MB
2022-06-09 11:26: CPU: 0.0 5.9 93.8 0.0 0.0 0.0 0.0 0.0 0.0 0.0 0.0 0.0 0.0 0.0 0.0 0.0 0.0 0.0 0.0 0.0 0.0 0.0 0.0 0.0 6.7 6.7 6.7 6.7 6.2 0.0 0.0 0.0 6.7 0.0 0.0 0.0 0.0 0.0 0.0 0.0 0.0 0.0 0.0 0.0 0.0 0.0 0.0 0.0 0.0 0.0 0.0 6.7 0.0 0.0 0.0 0.0 0.0 0.0 0.0 6.2 0.0 0.0 0.0 0.0 0.0 0.0 0.0 0.0 0.0 0.0 0.0 0.0 0.0 0.0 0.0 0.0 0.0 0.0 0.0 0.0  Mem(used): 19948.5 MB out of 193068.3 MB
2022-06-09 11:26: CPU: 0.0 6.2 0.0 0.0 0.0 0.0 0.0 0.0 0.0 0.0 0.0 0.0 0.0 0.0 0.0 0.0 0.0 0.0 0.0 0.0 0.0 0.0 0.0 0.0 0.0 0.0 0.0 0.0 0.0 0.0 0.0 0.0 0.0 0.0 0.0 0.0 0.0 0.0 0.0 0.0 0.0 0.0 :100.0 0.0 0.0 0.0 0.0 0.0 0.0 0.0 0.0 0.0 0.0 0.0 0.0 0.0 0.0 0.0 0.0 6.2 0.0 0.0 0.0 0.0 0.0 0.0 0.0 0.0 0.0 0.0 0.0 0.0 0.0 0.0 0.0 0.0 0.0 0.0 0.0 0.0  Mem(used): 19941.4 MB out of 193068.3 MB
2022-06-09 11:26: CPU: 0.0 0.0 0.0 0.0 0.0 0.0 0.0 0.0 0.0 0.0 0.0 0.0 0.0 0.0 0.0 0.0 0.0 0.0 0.0 0.0 0.0 0.0 0.0 0.0 0.0 0.0 0.0 0.0 0.0 0.0 0.0 0.0 0.0 0.0 0.0 0.0 0.0 0.0 0.0 0.0 0.0 0.0 93.3 0.0 0.0 0.0 0.0 0.0 0.0 0.0 0.0 0.0 0.0 0.0 0.0 0.0 0.0 0.0 0.0 0.0 0.0 0.0 0.0 0.0 0.0 0.0 0.0 0.0 0.0 0.0 0.0 0.0 0.0 0.0 0.0 0.0 0.0 0.0 0.0 0.0  Mem(used): 19941.8 MB out of 193068.3 MB
2022-06-09 11:26: CPU: 0.0 6.2 0.0 0.0 6.7 0.0 0.0 0.0 0.0 0.0 0.0 0.0 0.0 0.0 0.0 68.8 0.0 0.0 0.0 0.0 0.0 0.0 0.0 0.0 0.0 0.0 0.0 6.7 0.0 0.0 0.0 0.0 18.8 0.0 0.0 0.0 0.0 0.0 0.0 0.0 0.0 0.0 93.3 0.0 0.0 0.0 0.0 0.0 26.7 0.0 0.0 0.0 0.0 0.0 7.1 0.0 7.7 0.0 0.0 0.0 0.0 0.0 0.0 0.0 0.0 0.0 0.0 93.3 0.0 0.0 0.0 0.0 0.0 0.0 0.0 0.0 0.0 0.0 0.0 0.0  Mem(used): 19940.7 MB out of 193068.3 MB
2022-06-09 11:26: CPU: 0.0 0.0 0.0 0.0 0.0 0.0 0.0 0.0 0.0 0.0 0.0 0.0 0.0 0.0 6.2 6.2 0.0 0.0 0.0 0.0 0.0 0.0 0.0 0.0 0.0 6.2 0.0 0.0 0.0 0.0 0.0 0.0 0.0 0.0 0.0 0.0 0.0 0.0 0.0 0.0 0.0 6.2 93.8 0.0 0.0 0.0 0.0 0.0 0.0 0.0 0.0 0.0 0.0 0.0 0.0 0.0 0.0 0.0 0.0 0.0 0.0 0.0 0.0 0.0 0.0 0.0 0.0 0.0 0.0 0.0 0.0 0.0 0.0 0.0 0.0 0.0 0.0 0.0 0.0 0.0  Mem(used): 19938.9 MB out of 193068.3 MB
2022-06-09 11:26: CPU: 0.0 0.0 0.0 0.0 11.8 0.0 0.0 0.0 0.0 0.0 0.0 0.0 0.0 0.0 0.0 0.0 0.0 0.0 0.0 0.0 0.0 0.0 0.0 0.0 0.0 0.0 0.0 0.0 0.0 0.0 0.0 0.0 0.0 0.0 0.0 0.0 6.7 0.0 0.0 0.0 0.0 0.0 6.2 93.3 0.0 0.0 0.0 0.0 0.0 0.0 0.0 0.0 0.0 0.0 0.0 0.0 0.0 0.0 0.0 0.0 0.0 0.0 0.0 0.0 0.0 0.0 0.0 0.0 0.0 0.0 0.0 0.0 0.0 0.0 0.0 0.0 0.0 0.0 0.0 0.0  Mem(used): 19941.6 MB out of 193068.3 MB
2022-06-09 11:26: CPU: 0.0 0.0 0.0 0.0 0.0 0.0 0.0 0.0 0.0 0.0 0.0 0.0 0.0 0.0 0.0 0.0 0.0 0.0 0.0 0.0 7.1 0.0 0.0 0.0 0.0 6.2 6.7 0.0 0.0 0.0 0.0 0.0 0.0 0.0 0.0 0.0 6.2 0.0 0.0 0.0 0.0 0.0 0.0 93.8 6.7 0.0 0.0 0.0 0.0 0.0 0.0 6.7 0.0 0.0 0.0 0.0 0.0 0.0 0.0 0.0 0.0 0.0 0.0 0.0 0.0 0.0 0.0 0.0 0.0 0.0 0.0 6.7 0.0 0.0 0.0 0.0 0.0 0.0 0.0 0.0  Mem(used): 19943.1 MB out of 193068.3 MB
2022-06-09 11:26: CPU: 0.0 0.0 0.0 0.0 0.0 0.0 0.0 0.0 0.0 0.0 0.0 0.0 0.0 0.0 0.0 0.0 0.0 0.0 0.0 0.0 0.0 0.0 0.0 0.0 0.0 0.0 0.0 6.7 0.0 0.0 0.0 12.5 0.0 0.0 0.0 0.0 0.0 0.0 0.0 0.0 0.0 0.0 0.0 :100.0 0.0 6.2 0.0 0.0 0.0 0.0 0.0 0.0 0.0 0.0 0.0 0.0 0.0 0.0 0.0 0.0 0.0 0.0 0.0 0.0 0.0 0.0 0.0 0.0 0.0 0.0 0.0 0.0 0.0 0.0 0.0 0.0 0.0 0.0 0.0 0.0  Mem(used): 19946.6 MB out of 193068.3 MB
2022-06-09 11:26: CPU: 0.0 0.0 0.0 0.0 0.0 0.0 0.0 0.0 0.0 0.0 0.0 0.0 0.0 0.0 6.2 0.0 0.0 0.0 0.0 0.0 0.0 0.0 6.2 0.0 0.0 0.0 0.0 0.0 0.0 0.0 0.0 0.0 0.0 0.0 0.0 0.0 0.0 0.0 0.0 0.0 0.0 0.0 0.0 93.3 0.0 0.0 6.2 0.0 0.0 0.0 0.0 0.0 0.0 0.0 0.0 0.0 0.0 0.0 0.0 0.0 0.0 0.0 0.0 0.0 0.0 0.0 0.0 0.0 0.0 0.0 0.0 0.0 0.0 0.0 0.0 0.0 0.0 0.0 0.0 0.0  Mem(used): 19950.2 MB out of 193068.3 MB
2022-06-09 11:26: CPU: 0.0 0.0 0.0 0.0 0.0 0.0 0.0 0.0 0.0 0.0 0.0 0.0 0.0 0.0 0.0 0.0 0.0 0.0 0.0 0.0 0.0 0.0 0.0 0.0 6.2 0.0 0.0 0.0 0.0 0.0 0.0 0.0 0.0 0.0 0.0 0.0 0.0 0.0 0.0 0.0 0.0 0.0 0.0 0.0 0.0 0.0 0.0 0.0 0.0 0.0 6.2 0.0 0.0 0.0 5.9 86.7 0.0 0.0 0.0 0.0 0.0 0.0 0.0 0.0 0.0 0.0 0.0 0.0 0.0 0.0 0.0 0.0 0.0 0.0 0.0 0.0 0.0 0.0 0.0 0.0  Mem(used): 19951.2 MB out of 193068.3 MB
2022-06-09 11:26: CPU: 0.0 0.0 0.0 0.0 0.0 0.0 6.2 0.0 0.0 0.0 0.0 0.0 0.0 6.2 0.0 :100.0 0.0 0.0 0.0 0.0 0.0 0.0 0.0 0.0 0.0 0.0 0.0 0.0 0.0 0.0 0.0 0.0 0.0 0.0 0.0 0.0 0.0 0.0 0.0 16.7 0.0 0.0 0.0 0.0 0.0 0.0 0.0 0.0 0.0 0.0 0.0 0.0 0.0 0.0 0.0 0.0 0.0 0.0 0.0 0.0 0.0 0.0 0.0 0.0 0.0 0.0 0.0 0.0 0.0 0.0 6.2 0.0 0.0 0.0 0.0 0.0 0.0 0.0 0.0 0.0  Mem(used): 19951.1 MB out of 193068.3 MB
2022-06-09 11:26: CPU: 0.0 0.0 0.0 0.0 0.0 0.0 0.0 0.0 0.0 0.0 0.0 0.0 0.0 0.0 0.0 46.7 0.0 0.0 0.0 0.0 0.0 0.0 0.0 0.0 0.0 0.0 17.6 0.0 0.0 0.0 11.8 0.0 0.0 0.0 0.0 0.0 0.0 0.0 0.0 0.0 0.0 0.0 0.0 0.0 0.0 0.0 0.0 0.0 0.0 0.0 0.0 0.0 0.0 0.0 0.0 53.3 0.0 0.0 0.0 0.0 0.0 0.0 0.0 0.0 6.2 5.9 0.0 12.5 0.0 0.0 0.0 0.0 0.0 0.0 0.0 0.0 0.0 0.0 0.0 0.0  Mem(used): 19953.9 MB out of 193068.3 MB
2022-06-09 11:26: CPU: 0.0 0.0 0.0 0.0 0.0 0.0 0.0 0.0 0.0 0.0 0.0 0.0 0.0 0.0 0.0 0.0 0.0 6.7 0.0 0.0 0.0 11.8 0.0 0.0 0.0 0.0 7.1 17.6 6.7 0.0 0.0 0.0 0.0 0.0 0.0 0.0 0.0 0.0 0.0 0.0 0.0 0.0 0.0 0.0 0.0 0.0 0.0 0.0 0.0 0.0 0.0 0.0 0.0 0.0 0.0 93.3 6.7 0.0 0.0 0.0 0.0 0.0 0.0 0.0 0.0 0.0 6.2 0.0 0.0 0.0 0.0 0.0 0.0 0.0 0.0 0.0 0.0 0.0 0.0 0.0  Mem(used): 19952.1 MB out of 193068.3 MB
2022-06-09 11:27: CPU: 0.0 0.0 0.0 0.0 0.0 0.0 0.0 0.0 0.0 0.0 0.0 0.0 0.0 0.0 0.0 93.8 0.0 6.7 0.0 0.0 0.0 0.0 0.0 0.0 0.0 0.0 0.0 6.7 0.0 0.0 0.0 0.0 0.0 0.0 0.0 0.0 0.0 0.0 0.0 0.0 0.0 0.0 0.0 0.0 0.0 0.0 0.0 0.0 0.0 0.0 0.0 0.0 0.0 0.0 0.0 0.0 0.0 0.0 0.0 0.0 0.0 0.0 0.0 0.0 0.0 0.0 0.0 0.0 6.2 0.0 0.0 0.0 0.0 0.0 0.0 0.0 0.0 0.0 0.0 0.0  Mem(used): 19953.4 MB out of 193068.3 MB
2022-06-09 11:27: CPU: 0.0 0.0 6.2 0.0 0.0 93.3 0.0 0.0 6.7 0.0 0.0 0.0 0.0 0.0 0.0 0.0 0.0 0.0 0.0 6.2 0.0 0.0 0.0 0.0 0.0 0.0 0.0 0.0 40.0 0.0 0.0 0.0 20.0 0.0 0.0 0.0 0.0 0.0 0.0 0.0 33.3 0.0 0.0 0.0 0.0 0.0 0.0 0.0 0.0 0.0 0.0 6.7 0.0 0.0 0.0 0.0 0.0 6.2 7.1 0.0 0.0 0.0 6.7 0.0 0.0 0.0 0.0 0.0 6.7 0.0 0.0 0.0 0.0 0.0 0.0 0.0 0.0 0.0 0.0 0.0  Mem(used): 19952.5 MB out of 193068.3 MB
