19722.8
19728.0
19729.3
19731.9
19738.9
19738.6
19739.2
19735.5
19737.2
19743.4
19741.2
19746.2
19740.8
19742.0
19744.6
19743.8
19736.6
19737.3
19743.8
19736.1
19743.9
19746.2
19744.5
19742.6
19740.4
19742.0
19744.9
19745.9
19746.4
19747.2
19744.4
19746.6
19748.9
19745.5
19747.5
19747.5
19750.0
19749.4
19751.4
19753.8
19758.0
19758.6
19754.7
19756.1
19762.1
19756.8
19758.4
19760.1
19765.1
19771.3
19769.9
19777.8
19783.6
19782.6
19783.9
19779.7
19777.2
19776.3
19780.0
19782.4
19788.1
19790.9
19785.9
19787.7
19794.1
19789.1
19790.0
19797.0
19794.5
19796.2
19800.0
19810.8
19821.2
19823.6
19819.1
19819.2
19820.3
19821.4
19837.7
19836.2
19827.8
19826.1
19838.3
19834.9
19831.8
19913.0
19934.1
19934.2
19943.2
19975.2
19968.1
19976.4
19974.5
19966.4
19973.0
19968.0
19973.8
19972.4
19966.9
19967.9
19968.0
19969.2
19977.1
19979.2
19992.7
19996.7
19991.4
19993.0
19993.9
19991.0
20006.9
20009.4
20012.0
20009.7
20075.0
20137.2
20187.5
20254.4
20323.1
20391.4
20516.5
20603.5
20671.0
20746.5
20811.0
20888.6
20282.9
20329.8
20396.7
20280.5
20310.3
20375.3
20445.7
20525.1
20603.3
20680.5
20597.1
20659.7
20702.2
20263.4
20328.6
20390.7
20447.8
20502.9
20411.8
20444.9
20516.5
20396.3
20276.6
20141.5
20137.4
20136.9
19997.9
19996.8
20000.1
19942.9
19942.4
19940.1
19938.8
19940.9
19940.1
19940.6
19937.6
19938.4
19942.1
19940.8
19939.9
19943.6
19940.9
19941.6
19941.7
19939.6
19943.3
19937.7
19938.9
19940.4
19941.4
19942.0
19943.5
19941.3
19945.3
19943.9
19940.0
19944.9
19944.1
19942.2
19945.5
19944.3
19946.6
19948.5
19941.4
19941.8
19940.7
19938.9
19941.6
19943.1
19946.6
19950.2
19951.2
19951.1
19953.9
19952.1
19953.4
19952.5
